Year;Cor reconstruction;Cor & Stat reconstruction;Abram reconstruction;Cor reconstruction 30yr filtered;Cor & Stat reconstruction 30yr filtered;Abram reconstruction 30yr filtered;Target SAM (Marshall);Target SAM (Marshall) 30yr filtered
1000;-0.2314;-0.6332;-1.1779;NA;NA;NA;NA;NA
1001;0.2351;0.1798;-0.5054;NA;NA;NA;NA;NA
1002;0.4356;0.2952;-0.3264;NA;NA;NA;NA;NA
1003;-0.3469;-0.0157;-0.4389;NA;NA;NA;NA;NA
1004;-0.3869;-0.2027;-0.5389;NA;NA;NA;NA;NA
1005;-0.5894;-0.6422;-1.0709;NA;NA;NA;NA;NA
1006;0.5956;-8e-04;-0.5139;NA;NA;NA;NA;NA
1007;0.2451;0.2708;-0.2299;NA;NA;NA;NA;NA
1008;0.0956;0.0262;-0.4334;NA;NA;NA;NA;NA
1009;0.0531;0.1328;-0.3709;NA;NA;NA;NA;NA
1010;0.0121;0.2942;-0.2014;NA;NA;NA;NA;NA
1011;-0.1509;0.4128;-0.0364;NA;NA;NA;NA;NA
1012;-0.3184;-0.0922;-0.2739;NA;NA;NA;NA;NA
1013;0.2061;-0.1648;-0.3694;NA;NA;NA;NA;NA
1014;-0.1529;-0.4932;-0.5274;NA;NA;NA;NA;NA
1015;0.8181;0.5448;0.3146;-0.0129;-0.0313;-0.3156;NA;NA
1016;0.0621;-0.1498;-0.3654;-0.0837;-0.0924;-0.3769;NA;NA
1017;-0.5039;-0.6058;-0.8174;-0.1912;-0.1816;-0.4731;NA;NA
1018;-0.7934;-0.8558;-1.2754;-0.2967;-0.2724;-0.5725;NA;NA
1019;0.1646;0.3752;-0.2354;-0.3617;-0.3384;-0.6437;NA;NA
1020;0.2376;0.4472;0.1236;-0.3938;-0.3802;-0.6932;NA;NA
1021;0.3811;0.2812;-0.0094;-0.424;-0.4178;-0.7457;NA;NA
1022;-1.2814;-1.0883;-1.3109;-0.4475;-0.4531;-0.7961;NA;NA
1023;-1.6139;-1.3808;-1.6279;-0.4599;-0.4882;-0.8396;NA;NA
1024;-0.8974;-0.8858;-1.3624;-0.4489;-0.5284;-0.8793;NA;NA
1025;-0.7739;-0.8198;-1.3474;-0.4169;-0.5731;-0.9189;NA;NA
1026;-0.3159;-0.3878;-0.8009;-0.3807;-0.615;-0.9547;NA;NA
1027;-0.3944;-0.6162;-0.9714;-0.3572;-0.6469;-0.9828;NA;NA
1028;-0.2424;-0.6312;-0.7384;-0.3308;-0.6708;-1.0076;NA;NA
1029;0.3066;-0.2032;-0.3594;-0.2859;-0.6912;-1.031;NA;NA
1030;1.2396;0.0882;-0.1979;-0.2393;-0.7044;-1.0455;NA;NA
1031;0.2096;-0.4158;-0.9039;-0.208;-0.7067;-1.0439;NA;NA
1032;-0.6199;-1.0762;-1.4814;-0.1944;-0.6911;-1.0171;NA;NA
1033;-0.8744;-1.6038;-1.6894;-0.1877;-0.6604;-0.9712;NA;NA
1034;-0.8049;-1.1038;-1.4224;-0.1853;-0.6268;-0.9214;NA;NA
1035;0.3431;0.0068;-0.5074;-0.1843;-0.602;-0.8826;NA;NA
1036;-0.6304;-0.8828;-1.3669;-0.2004;-0.5795;-0.846;NA;NA
1037;-1.0659;-1.2512;-1.5679;-0.237;-0.5496;-0.7993;NA;NA
1038;0.4016;0.1763;-0.1694;-0.2736;-0.5194;-0.7529;NA;NA
1039;0.4116;0.1118;0.0606;-0.2897;-0.496;-0.7174;NA;NA
1040;-0.4899;-0.7002;-0.5499;-0.2673;-0.4634;-0.6755;NA;NA
1041;-0.6979;-0.7497;-0.8419;-0.219;-0.4145;-0.6166;NA;NA
1042;0.0686;0.1128;-0.1399;-0.1698;-0.3695;-0.5616;NA;NA
1043;0.2861;0.2178;0.0541;-0.1449;-0.3489;-0.531;NA;NA
1044;-0.5774;-0.9237;-1.0204;-0.1454;-0.3689;-0.5408;NA;NA
1045;-0.4219;-0.5092;-0.6784;-0.1532;-0.4165;-0.5785;NA;NA
1046;-0.2054;-0.6718;-0.9159;-0.1653;-0.4684;-0.6221;NA;NA
1047;-0.1074;-0.6038;-0.9484;-0.1783;-0.5009;-0.6499;NA;NA
1048;0.4606;0.1318;-0.2704;-0.1877;-0.5168;-0.6667;NA;NA
1049;0.1171;-0.2442;-0.5154;-0.1956;-0.5341;-0.6895;NA;NA
1050;-0.3404;-0.7163;-0.7904;-0.2092;-0.5523;-0.7143;NA;NA
1051;-0.7399;-1.1188;-1.0574;-0.2356;-0.5712;-0.7372;NA;NA
1052;-0.5764;-1.1388;-1.1029;-0.2898;-0.5978;-0.7641;NA;NA
1053;-0.3564;-0.6722;-0.7814;-0.3672;-0.6324;-0.7972;NA;NA
1054;-0.6584;-0.7062;-0.7219;-0.4462;-0.6635;-0.8268;NA;NA
1055;-0.1389;-0.2162;-0.3844;-0.5051;-0.6798;-0.8434;NA;NA
1056;-0.1474;-0.3702;-0.5924;-0.5558;-0.6758;-0.8528;NA;NA
1057;-0.1139;-0.2002;-0.5454;-0.615;-0.6593;-0.8631;NA;NA
1058;-0.7049;-0.5192;-0.8509;-0.6691;-0.6393;-0.8677;NA;NA
1059;-0.6524;-0.4542;-0.8744;-0.704;-0.625;-0.8599;NA;NA
1060;-1.1329;-1.2632;-1.3534;-0.7147;-0.597;-0.8292;NA;NA
1061;-1.2759;-1.1958;-1.3284;-0.7139;-0.554;-0.7844;NA;NA
1062;-1.6274;-1.4157;-1.3604;-0.7141;-0.5317;-0.7479;NA;NA
1063;-0.6839;-0.3952;-0.6269;-0.7225;-0.55;-0.7194;NA;NA
1064;-0.2594;-0.1887;-0.5649;-0.7321;-0.5898;-0.6857;NA;NA
1065;-0.2934;0.1098;-0.2284;-0.7344;-0.6293;-0.6499;NA;NA
1066;-0.0839;0.2778;-0.0454;-0.7206;-0.6466;-0.6148;NA;NA
1067;-1.0764;-0.9422;-0.6864;-0.6833;-0.653;-0.5773;NA;NA
1068;-0.1109;-0.1372;0.0501;-0.6272;-0.6645;-0.5335;NA;NA
1069;-0.6034;-0.6067;-0.3589;-0.5623;-0.667;-0.4861;NA;NA
1070;-0.9094;-1.5003;-0.9919;-0.4986;-0.6463;-0.4377;NA;NA
1071;-0.2924;-0.6647;-0.2164;-0.4196;-0.5907;-0.3786;NA;NA
1072;-0.7539;-0.8358;-0.4354;-0.3189;-0.5129;-0.3087;NA;NA
1073;-0.8464;-1.2583;-0.8794;-0.2216;-0.4349;-0.245;NA;NA
1074;-0.3134;-0.7797;-0.5429;-0.1526;-0.3788;-0.2045;NA;NA
1075;-0.3754;-0.8632;-0.7744;-0.0978;-0.3161;-0.1724;NA;NA
1076;0.6211;0.3978;0.1761;-0.0355;-0.2254;-0.1333;NA;NA
1077;0.3111;0.4572;0.1756;0.0206;-0.1388;-0.1029;NA;NA
1078;-0.0014;0.0217;0.0926;0.0568;-0.0885;-0.0973;NA;NA
1079;0.6616;0.6447;0.4606;0.0716;-0.0731;-0.117;NA;NA
1080;0.3586;0.4552;0.3571;0.0752;-0.0682;-0.1496;NA;NA
1081;0.5766;0.6862;0.4741;0.0714;-0.0711;-0.1909;NA;NA
1082;0.4111;0.1783;-0.0119;0.0639;-0.0792;-0.237;NA;NA
1083;-0.6984;-0.9248;-0.9969;0.0364;-0.1208;-0.3166;NA;NA
1084;-0.1734;-0.3402;-0.5724;-0.0179;-0.2039;-0.4378;NA;NA
1085;-1.3604;-1.5973;-1.5629;-0.0808;-0.2952;-0.5651;NA;NA
1086;-0.8184;-1.0192;-1.0484;-0.1342;-0.3615;-0.6628;NA;NA
1087;0.2631;-0.4172;-0.5144;-0.1983;-0.4269;-0.762;NA;NA
1088;0.2301;-0.1552;-0.6099;-0.2859;-0.5154;-0.8899;NA;NA
1089;0.0096;-0.3077;-0.9864;-0.3679;-0.5942;-1.0057;NA;NA
1090;0.1781;-0.0043;-0.7139;-0.4148;-0.6306;-1.0687;NA;NA
1091;0.3731;0.4012;-0.3624;-0.4215;-0.6057;-1.0636;NA;NA
1092;-0.2374;-0.2258;-0.7964;-0.4088;-0.5415;-1.0187;NA;NA
1093;-0.7849;-1.0417;-1.5784;-0.3867;-0.466;-0.9583;NA;NA
1094;-1.6229;-1.6342;-1.8809;-0.3653;-0.4071;-0.9064;NA;NA
1095;-1.0959;-0.6507;-1.0159;-0.3332;-0.3482;-0.8348;NA;NA
1096;-0.2334;-0.5987;-0.9874;-0.2846;-0.2701;-0.725;NA;NA
1097;0.0611;-0.0538;-0.5224;-0.2379;-0.1963;-0.6162;NA;NA
1098;-1.0994;-0.9332;-1.2179;-0.2113;-0.1507;-0.5472;NA;NA
1099;0.2121;0.4938;0.0581;-0.182;-0.1135;-0.4912;NA;NA
1100;-0.1204;-0.0123;-0.2789;-0.1313;-0.0628;-0.4145;NA;NA
1101;0.8066;0.8448;0.4241;-0.0837;-0.0186;-0.3466;NA;NA
1102;0.8076;0.9752;0.4201;-0.0641;-9e-04;-0.3168;NA;NA
1103;0.2486;0.2962;-0.0649;-0.0882;-0.0286;-0.3452;NA;NA
1104;0.7241;0.5718;0.2736;-0.1401;-0.0897;-0.4129;NA;NA
1105;-1.3034;-1.4328;-1.3844;-0.1971;-0.1572;-0.4905;NA;NA
1106;-0.9269;-0.8873;-1.1049;-0.2361;-0.2045;-0.549;NA;NA
1107;-0.5549;-0.5432;-0.8259;-0.2906;-0.2708;-0.6372;NA;NA
1108;0.4301;0.4982;-0.1969;-0.3818;-0.381;-0.7822;NA;NA
1109;-1.4269;-1.0887;-1.4594;-0.4692;-0.4861;-0.9217;NA;NA
1110;-0.3384;-0.4282;-0.9054;-0.5118;-0.5373;-0.9935;NA;NA
1111;-0.3999;-0.2922;-0.7004;-0.4904;-0.5156;-0.9874;NA;NA
1112;-0.8559;-1.0562;-1.4574;-0.4325;-0.454;-0.9474;NA;NA
1113;-0.7769;-1.0742;-1.5694;-0.3666;-0.382;-0.8932;NA;NA
1114;-0.6259;-0.6482;-1.1854;-0.3217;-0.3289;-0.8442;NA;NA
1115;1.1906;1.3888;0.4716;-0.2775;-0.2694;-0.7655;NA;NA
1116;-0.6294;-0.6522;-1.1859;-0.2103;-0.1795;-0.6393;NA;NA
1117;-0.3459;-0.3303;-0.9544;-0.1443;-0.0904;-0.511;NA;NA
1118;0.1566;-0.1203;-0.6309;-0.1035;-0.0335;-0.4262;NA;NA
1119;-0.2579;-0.1003;-0.2344;-0.089;0.0018;-0.3643;NA;NA
1120;0.2331;0.4112;0.4131;-0.0834;0.0396;-0.2896;NA;NA
1121;0.7826;1.1698;0.8431;-0.0828;0.0693;-0.2246;NA;NA
1122;-0.1784;0.0363;-0.2354;-0.0834;0.0801;-0.1919;NA;NA
1123;-0.2664;0.0322;-0.1934;-0.1027;0.0525;-0.216;NA;NA
1124;-0.9649;-0.8498;-0.8794;-0.1409;-0.0019;-0.2739;NA;NA
1125;-0.6269;-0.5838;-0.7544;-0.1679;-0.0467;-0.3178;NA;NA
1126;-0.0804;-0.0992;-0.2774;-0.1916;-0.0988;-0.3672;NA;NA
1127;0.0911;0.5297;0.1396;-0.2287;-0.1794;-0.4519;NA;NA
1128;-0.3059;-0.3907;-0.6334;-0.2625;-0.2591;-0.5382;NA;NA
1129;-0.3754;-0.3572;-0.8514;-0.2761;-0.3082;-0.5929;NA;NA
1130;0.7901;0.6292;-0.1699;-0.265;-0.3232;-0.615;NA;NA
1131;-0.4819;-0.7337;-1.2574;-0.2405;-0.3257;-0.6287;NA;NA
1132;-0.3359;-0.7128;-1.0979;-0.2101;-0.3234;-0.6377;NA;NA
1133;-0.7839;-0.9553;-1.0709;-0.1811;-0.324;-0.6462;NA;NA
1134;-0.1679;-0.4872;-0.4184;-0.1455;-0.3207;-0.6498;NA;NA
1135;-0.4339;-0.5682;-0.4519;-0.0982;-0.3075;-0.6447;NA;NA
1136;0.4156;0.3422;0.1441;-0.0509;-0.2938;-0.6361;NA;NA
1137;-0.2484;-0.3198;-0.5554;-0.0154;-0.2889;-0.6289;NA;NA
1138;-0.1619;-0.2487;-0.6579;0.0254;-0.2829;-0.6192;NA;NA
1139;-0.0744;-0.3712;-0.9874;0.0826;-0.2669;-0.6027;NA;NA
1140;0.7456;0.6078;-0.1784;0.1352;-0.2516;-0.5838;NA;NA
1141;0.3906;-0.1798;-0.7229;0.162;-0.2478;-0.5668;NA;NA
1142;0.3966;-0.0603;-0.4309;0.1645;-0.2608;-0.5535;NA;NA
1143;-0.2539;-0.9362;-1.0149;0.1581;-0.2841;-0.5424;NA;NA
1144;0.1771;-0.5938;-0.7144;0.1425;-0.3118;-0.5324;NA;NA
1145;0.3576;-0.2732;-0.4309;0.1176;-0.3374;-0.5225;NA;NA
1146;-0.5169;-1.0562;-1.1129;0.0662;-0.3692;-0.5054;NA;NA
1147;0.8176;0.4328;0.2306;-0.0134;-0.4122;-0.4799;NA;NA
1148;0.0871;-0.0912;-0.0849;-0.0975;-0.4553;-0.4544;NA;NA
1149;-0.3129;-0.5662;-0.3824;-0.1625;-0.4873;-0.4369;NA;NA
1150;-1.2744;-1.4047;-1.1079;-0.2234;-0.5122;-0.4291;NA;NA
1151;0.1701;-0.1287;0.0166;-0.2989;-0.5379;-0.4249;NA;NA
1152;0.1556;0.2218;0.3091;-0.3711;-0.5593;-0.4218;NA;NA
1153;-0.7409;-0.9033;-0.7239;-0.4222;-0.5714;-0.4172;NA;NA
1154;-0.9269;-1.0713;-1.0264;-0.4558;-0.5817;-0.4192;NA;NA
1155;-0.4519;-0.4468;-0.4574;-0.4851;-0.5951;-0.4313;NA;NA
1156;-0.8529;-0.9502;-0.7454;-0.5066;-0.6027;-0.4435;NA;NA
1157;0.5841;0.4268;0.4971;-0.5167;-0.5957;-0.4458;NA;NA
1158;-0.7379;-1.1053;-0.8529;-0.5053;-0.5633;-0.4388;NA;NA
1159;-0.4704;-0.7038;-0.6474;-0.474;-0.5107;-0.4294;NA;NA
1160;-0.5839;-0.6178;-0.4519;-0.4371;-0.4538;-0.4169;NA;NA
1161;-1.1769;-0.7528;-0.5339;-0.4086;-0.4084;-0.4011;NA;NA
1162;-0.6249;-0.5442;-0.2309;-0.3786;-0.3556;-0.3736;NA;NA
1163;0.5376;0.4522;0.2601;-0.3358;-0.282;-0.3341;NA;NA
1164;-0.3049;-0.4202;-0.6429;-0.2925;-0.2119;-0.2937;NA;NA
1165;-0.2599;-0.2928;-0.5799;-0.2609;-0.1693;-0.2637;NA;NA
1166;-0.2449;0.0817;-0.1379;-0.234;-0.1508;-0.2372;NA;NA
1167;0.2186;0.3862;0.0386;-0.2019;-0.1378;-0.2058;NA;NA
1168;-0.3019;-0.2428;-0.3359;-0.1728;-0.1318;-0.1781;NA;NA
1169;-0.9374;-0.6888;-0.7099;-0.1547;-0.1343;-0.1627;NA;NA
1170;0.3296;0.4298;0.2176;-0.1542;-0.1598;-0.1654;NA;NA
1171;-0.2674;-0.1018;-0.0114;-0.1664;-0.2095;-0.18;NA;NA
1172;0.1911;-0.1857;0.0361;-0.1829;-0.2651;-0.1973;NA;NA
1173;-0.3129;-0.6558;-0.2554;-0.1952;-0.308;-0.2082;NA;NA
1174;0.1861;-0.1008;0.3626;-0.2114;-0.3521;-0.2186;NA;NA
1175;-0.6799;-0.9332;-0.4719;-0.2376;-0.4116;-0.2358;NA;NA
1176;-0.5424;-0.8953;-0.7249;-0.2624;-0.4691;-0.2529;NA;NA
1177;-0.1274;-0.3383;-0.3714;-0.2744;-0.507;-0.2628;NA;NA
1178;0.2591;0.2342;0.1446;-0.269;-0.5209;-0.261;NA;NA
1179;-0.5459;-0.7362;-0.7939;-0.2552;-0.5236;-0.2533;NA;NA
1180;-0.2924;-0.4292;-0.4094;-0.2427;-0.5231;-0.248;NA;NA
1181;-0.3619;-0.6642;-0.2914;-0.2409;-0.5273;-0.2536;NA;NA
1182;-1.1559;-1.2148;-0.5619;-0.2539;-0.5317;-0.2701;NA;NA
1183;-0.3234;-0.6332;-0.0554;-0.2737;-0.5294;-0.2897;NA;NA
1184;0.4811;0.0232;0.3451;-0.2912;-0.5247;-0.3084;NA;NA
1185;0.1851;-0.2808;-0.0804;-0.2972;-0.5221;-0.3222;NA;NA
1186;-0.2844;-0.7452;-0.3969;-0.2987;-0.526;-0.3362;NA;NA
1187;0.2851;-0.1748;-0.0604;-0.3015;-0.5322;-0.353;NA;NA
1188;-0.2964;-0.2948;-0.1284;-0.295;-0.5326;-0.3654;NA;NA
1189;-0.2444;-0.3698;-0.4249;-0.2676;-0.5175;-0.3706;NA;NA
1190;-1.2624;-1.2363;-1.3769;-0.2255;-0.491;-0.3736;NA;NA
1191;-0.9659;-0.8758;-1.0494;-0.1846;-0.4657;-0.3794;NA;NA
1192;-0.5929;-0.7942;-0.8289;-0.1609;-0.4542;-0.3927;NA;NA
1193;0.0626;0.0718;0.0471;-0.1544;-0.4612;-0.4161;NA;NA
1194;0.9196;0.1698;0.3481;-0.1522;-0.4776;-0.4446;NA;NA
1195;0.1421;-0.5462;-0.1559;-0.1509;-0.4951;-0.4721;NA;NA
1196;-0.5699;-1.1113;-0.7184;-0.1473;-0.5057;-0.4923;NA;NA
1197;0.0611;-0.5662;-0.3414;-0.1452;-0.5146;-0.5133;NA;NA
1198;-0.0054;-0.3408;-0.4184;-0.1468;-0.5277;-0.5403;NA;NA
1199;0.8426;0.3678;0.0226;-0.146;-0.5381;-0.5624;NA;NA
1200;0.1651;0.0728;-0.2854;-0.1366;-0.5388;-0.5689;NA;NA
1201;-0.5329;-0.8392;-1.0754;-0.1341;-0.5346;-0.5677;NA;NA
1202;-1.5804;-1.9522;-1.7254;-0.1467;-0.5318;-0.569;NA;NA
1203;-0.4594;-0.7228;-0.7019;-0.1567;-0.5268;-0.5661;NA;NA
1204;-0.2749;-0.7133;-0.8009;-0.1468;-0.5157;-0.552;NA;NA
1205;0.4706;0.1082;-0.0114;-0.0921;-0.4792;-0.4936;NA;NA
1206;-0.7669;-1.2132;-1.1384;-0.0021;-0.418;-0.392;NA;NA
1207;0.7081;0.5448;0.4101;0.0885;-0.3586;-0.2922;NA;NA
1208;0.6636;0.0058;-0.0409;0.1454;-0.3271;-0.239;NA;NA
1209;-0.2904;-0.5938;-0.4589;0.1851;-0.3213;-0.224;NA;NA
1210;-0.2384;-1.0323;-0.5169;0.2358;-0.32;-0.2116;NA;NA
1211;1.2166;0.5942;0.6451;0.2806;-0.3211;-0.2067;NA;NA
1212;0.3766;-0.1877;0.2001;0.3027;-0.3228;-0.2139;NA;NA
1213;0.4756;-0.1412;0.1541;0.2908;-0.3399;-0.2552;NA;NA
1214;0.4251;-0.1377;-0.1704;0.2545;-0.3772;-0.331;NA;NA
1215;0.3446;-0.4857;-0.5834;0.2084;-0.4173;-0.4135;NA;NA
1216;0.0231;-0.6162;-0.8564;0.167;-0.443;-0.4749;NA;NA
1217;0.4201;-0.2138;-0.3949;0.112;-0.4624;-0.5368;NA;NA
1218;-0.7039;-1.4448;-1.4709;0.031;-0.4885;-0.6218;NA;NA
1219;-1.2024;-1.5833;-1.7249;-0.0523;-0.5117;-0.7039;NA;NA
1220;-0.0104;-0.5002;-0.7189;-0.1145;-0.5225;-0.7573;NA;NA
1221;0.4716;0.1192;-0.1794;-0.1636;-0.507;-0.7701;NA;NA
1222;0.1146;-0.0212;-0.3994;-0.217;-0.4705;-0.7591;NA;NA
1223;0.4011;0.4818;0.0136;-0.2645;-0.4317;-0.7408;NA;NA
1224;-0.0504;-0.3887;-0.6924;-0.296;-0.4096;-0.732;NA;NA
1225;-0.6799;-0.6567;-0.9029;-0.3096;-0.397;-0.7217;NA;NA
1226;-0.6509;-0.8802;-0.9264;-0.3127;-0.3793;-0.697;NA;NA
1227;-0.9799;-1.0717;-1.3279;-0.3092;-0.3644;-0.6715;NA;NA
1228;-0.5134;-0.4102;-0.9734;-0.3031;-0.3601;-0.6589;NA;NA
1229;-0.1224;0.1758;-0.5059;-0.2946;-0.3838;-0.6718;NA;NA
1230;0.1526;0.2118;-0.1369;-0.2813;-0.432;-0.7013;NA;NA
1231;-0.6194;-0.5122;-0.4149;-0.2631;-0.4803;-0.7293;NA;NA
1232;0.6571;0.1588;0.1061;-0.2402;-0.5045;-0.7377;NA;NA
1233;-0.6969;-1.1912;-1.0774;-0.1892;-0.4965;-0.7163;NA;NA
1234;0.1461;-0.3303;-0.7399;-0.1073;-0.4731;-0.6774;NA;NA
1235;-0.8844;-1.7048;-1.8459;-0.0252;-0.448;-0.6371;NA;NA
1236;0.3421;-0.1723;-0.7989;0.0267;-0.435;-0.6114;NA;NA
1237;0.0791;-0.5292;-0.7999;0.0397;-0.4402;-0.6084;NA;NA
1238;0.3091;-0.2037;-0.1209;0.0351;-0.4545;-0.6175;NA;NA
1239;-0.1109;-0.6318;-0.4439;0.0267;-0.4685;-0.6261;NA;NA
1240;0.2281;-0.2318;-0.4589;0.0284;-0.4724;-0.6219;NA;NA
1241;0.3121;0.1013;-0.1609;0.0275;-0.4681;-0.6037;NA;NA
1242;0.1771;-0.0667;-0.2039;0.0136;-0.4611;-0.5789;NA;NA
1243;0.1381;-0.6227;-0.7059;0.004;-0.4474;-0.548;NA;NA
1244;-0.0744;-0.3538;-0.6249;0.0163;-0.4229;-0.5114;NA;NA
1245;0.0336;-0.3452;-0.5229;0.0637;-0.3822;-0.4599;NA;NA
1246;-0.1379;-0.6242;-0.7834;0.1324;-0.3303;-0.3952;NA;NA
1247;-0.5604;-0.9462;-0.8459;0.1986;-0.2793;-0.3342;NA;NA
1248;-0.4789;-0.8712;-0.7664;0.2389;-0.2416;-0.2941;NA;NA
1249;0.2231;-0.1942;-0.1829;0.2765;-0.1968;-0.2604;NA;NA
1250;0.1256;-0.6632;-0.5814;0.3265;-0.1388;-0.2208;NA;NA
1251;0.9216;0.3242;0.1501;0.3528;-0.1007;-0.1957;NA;NA
1252;1.2161;0.8422;0.8231;0.3499;-0.0803;-0.1863;NA;NA
1253;1.1686;0.6667;0.4761;0.3387;-0.0573;-0.1805;NA;NA
1254;0.7491;0.3107;0.1771;0.3223;-0.0384;-0.1787;NA;NA
1255;0.3776;-0.0443;-0.1929;0.3036;-0.03;-0.181;NA;NA
1256;0.2381;-0.2822;-0.4049;0.2572;-0.0495;-0.2063;NA;NA
1257;-0.1849;-0.0493;-0.5094;0.1763;-0.0955;-0.2581;NA;NA
1258;-1.3514;-1.1923;-1.5114;0.0917;-0.1462;-0.3138;NA;NA
1259;0.0191;0.1178;-0.3119;0.0343;-0.1798;-0.3506;NA;NA
1260;0.5431;0.0348;-0.1639;-0.0137;-0.2145;-0.3795;NA;NA
1261;-0.2259;-0.7417;-0.4664;-0.0765;-0.2684;-0.4179;NA;NA
1262;-0.2469;-0.2952;-0.1994;-0.1326;-0.3195;-0.4529;NA;NA
1263;-1.0229;-1.1508;-1.0034;-0.1606;-0.3459;-0.4714;NA;NA
1264;1.0661;0.7072;0.2066;-0.1478;-0.3433;-0.466;NA;NA
1265;-0.2709;-0.4717;-0.4504;-0.107;-0.3255;-0.4441;NA;NA
1266;0.4851;0.0733;-0.1314;-0.0547;-0.2975;-0.4143;NA;NA
1267;-0.2259;-0.2047;-0.4309;-0.0074;-0.2641;-0.3855;NA;NA
1268;0.1926;-0.0568;-0.3464;0.0535;-0.2013;-0.3449;NA;NA
1269;-0.1039;-0.0978;-0.2419;0.14;-0.105;-0.2867;NA;NA
1270;0.0916;-0.2372;-0.2964;0.2252;-0.0108;-0.2302;NA;NA
1271;-0.1924;-0.8442;-0.8084;0.2822;0.0461;-0.1946;NA;NA
1272;-0.1539;-0.5272;-0.7294;0.3266;0.0794;-0.1643;NA;NA
1273;0.1221;-0.3288;-0.5079;0.3802;0.1168;-0.1233;NA;NA
1274;0.8356;0.8282;0.3801;0.4252;0.1439;-0.0905;NA;NA
1275;1.3631;1.1712;0.6536;0.4441;0.1464;-0.0848;NA;NA
1276;0.5421;0.4472;-0.0264;0.4328;0.1136;-0.1166;NA;NA
1277;-0.1889;-0.0463;-0.3249;0.4051;0.0565;-0.1713;NA;NA
1278;1.6026;0.9722;0.6156;0.3702;-0.0059;-0.2304;NA;NA
1279;0.6941;0.1612;0.2021;0.3374;-0.055;-0.2752;NA;NA
1280;0.2226;-0.0488;0.0401;0.27;-0.1311;-0.3387;NA;NA
1281;-0.0429;-0.5648;-0.5489;0.1566;-0.2538;-0.4393;NA;NA
1282;-1.3214;-1.9188;-1.7884;0.0443;-0.3731;-0.5361;NA;NA
1283;0.1096;-0.7113;-1.0874;-0.0202;-0.439;-0.5881;NA;NA
1284;0.4996;-0.1078;-0.5019;-0.0371;-0.4487;-0.5937;NA;NA
1285;-0.3709;-0.5368;-0.8764;-0.0418;-0.4389;-0.5836;NA;NA
1286;-0.4474;-0.7048;-0.8709;-0.0392;-0.4187;-0.5656;NA;NA
1287;-0.1654;-0.3143;-0.4864;-0.0345;-0.3969;-0.5477;NA;NA
1288;0.2701;-0.2047;-0.4569;0.0073;-0.3307;-0.4914;NA;NA
1289;0.1751;-0.0073;-0.0714;0.0945;-0.2081;-0.3851;NA;NA
1290;-0.4284;-0.5057;-0.4944;0.1822;-0.0841;-0.2776;NA;NA
1291;-0.4879;-0.6152;-0.4529;0.2254;-0.0137;-0.2176;NA;NA
1292;1.1831;0.7258;0.5771;0.2383;0.0109;-0.1992;NA;NA
1293;1.0486;0.7508;0.4106;0.255;0.0304;-0.1867;NA;NA
1294;0.6776;0.4632;0.0036;0.2602;0.0388;-0.1843;NA;NA
1295;1.3431;1.1162;0.4031;0.2385;0.03;-0.1959;NA;NA
1296;-1.1539;-1.3022;-1.3864;0.1674;-0.0156;-0.2478;NA;NA
1297;-0.4424;-0.4643;-0.5939;0.0556;-0.0959;-0.3398;NA;NA
1298;0.0536;-0.0172;-0.2244;-0.065;-0.1843;-0.4365;NA;NA
1299;-0.1034;-0.4098;-0.3259;-0.1626;-0.254;-0.5022;NA;NA
1300;0.0341;-0.3022;-0.4564;-0.2781;-0.3356;-0.5552;NA;NA
1301;0.0886;-0.3028;-0.6394;-0.4387;-0.4517;-0.6235;NA;NA
1302;-0.9869;-0.6612;-1.0859;-0.5917;-0.5634;-0.6865;NA;NA
1303;-0.4639;-0.3073;-0.7344;-0.6848;-0.6317;-0.7231;NA;NA
1304;-1.6164;-1.2543;-1.2384;-0.7192;-0.6584;-0.7301;NA;NA
1305;-0.8589;-0.6858;-0.7379;-0.7332;-0.6708;-0.7212;NA;NA
1306;-0.2899;-0.2082;-0.5164;-0.7294;-0.669;-0.7013;NA;NA
1307;-0.6819;-0.5197;-0.0979;-0.7107;-0.6531;-0.6753;NA;NA
1308;-1.1944;-1.1182;-0.3234;-0.6556;-0.6074;-0.6269;NA;NA
1309;-0.7929;-0.6768;-0.5184;-0.5606;-0.5315;-0.5517;NA;NA
1310;-1.4359;-1.2413;-1.5774;-0.455;-0.4484;-0.4724;NA;NA
1311;1.1561;0.5548;-0.1064;-0.3681;-0.3809;-0.4115;NA;NA
1312;-0.7709;-1.0537;-0.6754;-0.2479;-0.2892;-0.3464;NA;NA
1313;0.4266;0.1488;-0.1049;-0.0836;-0.1648;-0.2657;NA;NA
1314;-0.1024;-0.1382;-0.3664;0.0332;-0.0778;-0.2083;NA;NA
1315;-0.0269;0.0438;-0.2474;0.1115;-0.0164;-0.1716;NA;NA
1316;0.5506;0.7732;0.4901;0.2023;0.0601;-0.1331;NA;NA
1317;0.7211;0.7962;0.7146;0.2777;0.1242;-0.1023;NA;NA
1318;-0.4024;-0.8842;-0.7124;0.3095;0.1485;-0.0887;NA;NA
1319;0.0976;-0.1173;-0.4334;0.2778;0.1154;-0.1033;NA;NA
1320;0.2511;0.3153;0.0156;0.2008;0.0427;-0.1409;NA;NA
1321;0.9436;0.6532;0.4326;0.1081;-0.0445;-0.1862;NA;NA
1322;0.3506;-0.1297;-0.4824;0.0288;-0.1208;-0.2238;NA;NA
1323;-0.0104;-0.1213;-0.5959;-0.077;-0.2293;-0.2821;NA;NA
1324;-0.4409;-0.6527;-0.2329;-0.2335;-0.3915;-0.3743;NA;NA
1325;-0.6794;-0.9672;-0.7574;-0.3874;-0.5496;-0.4629;NA;NA
1326;-0.2764;-0.0247;0.0511;-0.4853;-0.6456;-0.5102;NA;NA
1327;-0.3034;-0.4188;-0.6869;-0.5355;-0.6832;-0.5151;NA;NA
1328;-0.0439;-0.1287;0.1166;-0.5796;-0.7069;-0.5056;NA;NA
1329;-1.7549;-1.7432;-1.1904;-0.6145;-0.7195;-0.4881;NA;NA
1330;-2.0754;-2.3758;-1.2124;-0.637;-0.7243;-0.4692;NA;NA
1331;-1.0519;-1.1388;-1.1789;-0.6305;-0.7045;-0.4412;NA;NA
1332;-0.2159;-0.4982;-0.1049;-0.5943;-0.6551;-0.3978;NA;NA
1333;-0.1504;-0.1708;-0.2564;-0.5492;-0.5967;-0.3475;NA;NA
1334;-0.2939;-0.3822;0.4856;-0.5161;-0.5501;-0.2988;NA;NA
1335;0.5111;0.7088;0.4921;-0.4744;-0.489;-0.2231;NA;NA
1336;0.4046;0.5922;-0.0379;-0.4061;-0.3952;-0.1119;NA;NA
1337;-0.8774;-1.0628;-0.4284;-0.3362;-0.3014;-0.0037;NA;NA
1338;-0.4384;-0.4542;-0.4969;-0.2895;-0.2403;0.063;NA;NA
1339;-0.2389;-0.1202;0.2156;-0.2732;-0.2168;0.1016;NA;NA
1340;-0.3059;-0.3782;-0.1049;-0.272;-0.2094;0.1403;NA;NA
1341;-0.7664;-0.6412;-0.2694;-0.2763;-0.2105;0.1635;NA;NA
1342;-1.0369;-0.8863;0.1411;-0.277;-0.2128;0.1553;NA;NA
1343;-0.0399;0.1038;0.3211;-0.2828;-0.2266;0.0984;NA;NA
1344;-0.3279;-0.1743;0.7586;-0.3004;-0.2574;0.0047;NA;NA
1345;0.3791;0.6848;0.8636;-0.3165;-0.29;-0.0982;NA;NA
1346;0.5371;0.3137;0.0371;-0.3179;-0.3094;-0.1825;NA;NA
1347;-0.7589;-1.0548;-0.4849;-0.2963;-0.3129;-0.2774;NA;NA
1348;-0.7989;-0.9128;-0.9434;-0.2606;-0.3115;-0.4071;NA;NA
1349;-0.2314;-0.3487;-0.5059;-0.2236;-0.3105;-0.5363;NA;NA
1350;0.0541;-0.0383;-0.9664;-0.198;-0.315;-0.6297;NA;NA
1351;-0.4324;-0.3143;-0.5804;-0.1863;-0.3373;-0.708;NA;NA
1352;-0.7389;-0.9852;-1.6384;-0.18;-0.3751;-0.7998;NA;NA
1353;0.3111;0.1723;-0.8244;-0.176;-0.4118;-0.8813;NA;NA
1354;-0.2539;-0.3507;-1.2719;-0.1711;-0.4309;-0.9287;NA;NA
1355;-0.1374;-0.3068;-0.7484;-0.1525;-0.4222;-0.9137;NA;NA
1356;0.2776;-0.3492;-0.6799;-0.1203;-0.3964;-0.8496;NA;NA
1357;-0.4354;-0.8998;-0.5839;-0.0908;-0.3678;-0.7747;NA;NA
1358;0.2886;0.1118;-0.2919;-0.0805;-0.3505;-0.7274;NA;NA
1359;-0.2099;-0.6042;-0.7239;-0.0882;-0.336;-0.688;NA;NA
1360;-0.0409;-0.3842;-0.9544;-0.1023;-0.3138;-0.6273;NA;NA
1361;-0.2734;-0.5042;-0.5734;-0.1244;-0.2959;-0.5693;NA;NA
1362;-0.0149;-0.0837;-0.6449;-0.1558;-0.2939;-0.5378;NA;NA
1363;-1.4749;-1.5317;-1.1479;-0.2154;-0.3109;-0.5376;NA;NA
1364;0.3571;0.4178;0.0351;-0.3031;-0.3374;-0.5516;NA;NA
1365;0.5236;0.6658;0.1341;-0.3921;-0.3665;-0.5709;NA;NA
1366;0.1751;0.1628;-0.1759;-0.4555;-0.3916;-0.5871;NA;NA
1367;-0.4964;-0.3862;-0.4829;-0.5062;-0.4236;-0.6039;NA;NA
1368;-0.8394;-0.7062;-1.0659;-0.5655;-0.469;-0.6282;NA;NA
1369;-1.3269;-1.1033;-1.3394;-0.6187;-0.5138;-0.6556;NA;NA
1370;-1.5499;-1.3362;-1.1974;-0.6511;-0.5441;-0.6817;NA;NA
1371;0.4331;0.5217;-0.0729;-0.6633;-0.5655;-0.7148;NA;NA
1372;-1.7244;-1.5248;-1.2489;-0.6667;-0.5896;-0.7592;NA;NA
1373;0.0981;0.1162;-0.1844;-0.6635;-0.6121;-0.8052;NA;NA
1374;-1.4884;-1.8748;-0.9984;-0.656;-0.6287;-0.8427;NA;NA
1375;-0.3344;-0.2908;-0.5694;-0.6306;-0.6288;-0.8683;NA;NA
1376;-0.2024;-0.2922;-1.1909;-0.5866;-0.6163;-0.889;NA;NA
1377;-0.6434;-0.5922;-0.8159;-0.546;-0.6086;-0.9103;NA;NA
1378;-0.0694;-0.1972;-0.7854;-0.5075;-0.6066;-0.9339;NA;NA
1379;-0.1329;-0.2748;-0.8464;-0.4591;-0.6006;-0.9577;NA;NA
1380;-0.3434;-0.4132;-0.7964;-0.4065;-0.5918;-0.9811;NA;NA
1381;-0.2839;-0.5282;-1.1199;-0.3553;-0.5813;-1.0036;NA;NA
1382;-1.1434;-1.3498;-1.8369;-0.3034;-0.5713;-1.0261;NA;NA
1383;-0.0394;-0.2138;-0.9344;-0.2471;-0.5619;-1.0485;NA;NA
1384;-1.0034;-1.1752;-1.2924;-0.1905;-0.5516;-1.0698;NA;NA
1385;0.5336;0.0043;-0.5199;-0.1374;-0.539;-1.0888;NA;NA
1386;-0.0359;-0.8512;-0.5649;-0.076;-0.52;-1.1046;NA;NA
1387;-0.4689;-0.9732;-1.3729;-0.0021;-0.4951;-1.1176;NA;NA
1388;-0.0349;-0.6218;-1.7069;0.0695;-0.4696;-1.1293;NA;NA
1389;0.4801;-0.0247;-0.9719;0.1238;-0.4489;-1.1411;NA;NA
1390;0.4661;0.1218;-0.9814;0.1644;-0.4309;-1.159;NA;NA
1391;0.6186;-0.2388;-0.9304;0.203;-0.4109;-1.1826;NA;NA
1392;-0.2684;-0.9092;-1.6129;0.2372;-0.3898;-1.2029;NA;NA
1393;0.6511;0.2672;-0.7604;0.2644;-0.3683;-1.2112;NA;NA
1394;0.4696;-0.2208;-1.3049;0.2763;-0.351;-1.2065;NA;NA
1395;0.5301;-0.1013;-0.9504;0.2733;-0.3383;-1.1956;NA;NA
1396;-0.3234;-1.1907;-1.7174;0.2657;-0.3253;-1.1811;NA;NA
1397;-0.3499;-0.8352;-1.5489;0.2642;-0.3069;-1.166;NA;NA
1398;0.3571;-0.0637;-1.0629;0.2778;-0.2674;-1.1302;NA;NA
1399;0.3011;-0.4127;-1.3954;0.2988;-0.2101;-1.0704;NA;NA
1400;0.9726;0.5768;-0.5809;0.3127;-0.1582;-1.0142;NA;NA
1401;-0.8929;-1.3168;-1.2574;0.3048;-0.1352;-0.9895;NA;NA
1402;0.5741;0.1878;-0.6304;0.2729;-0.1366;-0.9889;NA;NA
1403;0.4606;0.0212;-0.8214;0.2293;-0.1427;-0.9903;NA;NA
1404;0.5651;0.2458;-1.0334;0.1814;-0.1545;-0.9991;NA;NA
1405;0.2251;0.0458;-1.1204;0.1366;-0.1727;-1.0205;NA;NA
1406;0.6816;0.4068;-0.6099;0.0702;-0.224;-1.0832;NA;NA
1407;0.2846;0.0703;-0.9214;-0.026;-0.3107;-1.1862;NA;NA
1408;0.3531;0.1492;-0.4139;-0.1196;-0.397;-1.2899;NA;NA
1409;-0.9569;-1.3667;-2.0739;-0.1783;-0.4474;-1.3549;NA;NA
1410;-0.6319;-0.7002;-1.7074;-0.2091;-0.4706;-1.3969;NA;NA
1411;-0.9819;-1.2603;-1.6809;-0.238;-0.4952;-1.4475;NA;NA
1412;-0.3914;-0.9028;-1.7634;-0.2614;-0.5157;-1.4911;NA;NA
1413;-0.5769;-0.7577;-1.7219;-0.2757;-0.5268;-1.5123;NA;NA
1414;-0.2704;-0.6527;-1.8979;-0.2623;-0.5023;-1.4876;NA;NA
1415;0.1876;-0.1317;-1.4364;-0.2203;-0.4426;-1.4262;NA;NA
1416;0.0161;-0.1257;-1.3319;-0.1734;-0.3822;-1.3614;NA;NA
1417;-0.2549;-0.5002;-1.6034;-0.1448;-0.355;-1.3264;NA;NA
1418;-0.5214;-0.7872;-1.3924;-0.1222;-0.3476;-1.3016;NA;NA
1419;1.0671;0.8568;-0.3589;-0.0863;-0.3319;-1.2587;NA;NA
1420;0.7291;0.5088;-0.7984;-0.0508;-0.3209;-1.2186;NA;NA
1421;0.3856;0.2538;-0.2879;-0.0293;-0.3278;-1.2019;NA;NA
1422;-1.5629;-1.5237;-1.9904;-0.034;-0.3792;-1.2301;NA;NA
1423;-0.9359;-0.9272;-1.7284;-0.058;-0.4699;-1.2913;NA;NA
1424;0.9556;0.3177;-0.2024;-0.0862;-0.5654;-1.3556;NA;NA
1425;0.1401;-0.7577;-1.2884;-0.1035;-0.6312;-1.3934;NA;NA
1426;-0.8134;-1.5708;-2.4624;-0.1182;-0.6913;-1.4299;NA;NA
1427;-0.5464;-1.4357;-2.4394;-0.1417;-0.773;-1.4901;NA;NA
1428;-0.0219;-0.7153;-1.1669;-0.1628;-0.8468;-1.5439;NA;NA
1429;0.3021;-0.0912;-1.0899;-0.1705;-0.8832;-1.5612;NA;NA
1430;0.3501;-0.4102;-1.7404;-0.1727;-0.8784;-1.5288;NA;NA
1431;0.1306;-0.9028;-1.4899;-0.1772;-0.8523;-1.4667;NA;NA
1432;-0.7454;-1.6238;-1.7214;-0.1723;-0.8108;-1.3941;NA;NA
1433;0.0456;-0.3962;-1.4279;-0.1466;-0.7598;-1.3302;NA;NA
1434;-0.1364;-0.6938;-0.9344;-0.1004;-0.6725;-1.2435;NA;NA
1435;-0.5964;-1.0183;-1.1669;-0.0436;-0.5436;-1.1172;NA;NA
1436;0.1276;-0.3932;-0.9194;0.0204;-0.4117;-0.9927;NA;NA
1437;0.2211;-0.3032;-0.9844;0.0885;-0.3154;-0.9117;NA;NA
1438;0.0536;-0.1632;-0.8084;0.1855;-0.2208;-0.858;NA;NA
1439;-0.5769;-0.9272;-1.0149;0.3077;-0.1059;-0.8039;NA;NA
1440;0.3166;0.1888;-0.1849;0.4094;-0.0274;-0.7735;NA;NA
1441;0.8171;0.4302;-1.0654;0.507;0.0127;-0.7824;NA;NA
1442;0.7446;0.4622;-0.8099;0.6285;0.0467;-0.8184;NA;NA
1443;1.3181;0.6992;-0.4419;0.7464;0.0692;-0.8641;NA;NA
1444;1.3231;0.5798;-0.5624;0.8332;0.0745;-0.9023;NA;NA
1445;1.1176;0.1357;-0.5889;0.8917;0.0371;-0.9606;NA;NA
1446;0.8306;-0.5128;-1.6309;0.9413;-0.0425;-1.0546;NA;NA
1447;0.7721;-0.5148;-1.3009;0.98;-0.1306;-1.1493;NA;NA
1448;0.8921;-0.0538;-1.1719;1.0054;-0.1937;-1.2097;NA;NA
1449;0.6266;-0.6838;-1.6664;0.9908;-0.2651;-1.2587;NA;NA
1450;0.7291;-0.6938;-1.3799;0.9352;-0.3725;-1.3238;NA;NA
1451;1.5331;0.2242;-1.3004;0.8747;-0.4744;-1.3771;NA;NA
1452;0.6641;-0.9962;-1.3299;0.8452;-0.5289;-1.3905;NA;NA
1453;0.8296;-0.5868;-1.2629;0.8353;-0.5299;-1.3505;NA;NA
1454;0.8761;-0.6467;-1.4964;0.8179;-0.5068;-1.2764;NA;NA
1455;1.3086;0.2088;-1.0884;0.806;-0.4706;-1.1894;NA;NA
1456;0.6991;-0.4518;-1.1819;0.8123;-0.4325;-1.1104;NA;NA
1457;0.3541;-0.9648;-1.1979;0.8454;-0.3661;-1.0144;NA;NA
1458;0.2346;-0.9028;-1.5004;0.8961;-0.2616;-0.8837;NA;NA
1459;1.0716;0.0793;-0.3544;0.9508;-0.1551;-0.7507;NA;NA
1460;0.9121;0.1648;-0.8224;0.9959;-0.0825;-0.6475;NA;NA
1461;1.0666;-0.1808;-0.0984;1.0617;-0.0254;-0.5546;NA;NA
1462;1.4301;0.3578;-0.0819;1.1612;0.0453;-0.4457;NA;NA
1463;1.6036;0.4858;-0.2264;1.2546;0.1091;-0.3438;NA;NA
1464;1.0071;0.1192;-0.0399;1.3025;0.1456;-0.2716;NA;NA
1465;0.9401;-0.1058;-0.6774;1.3148;0.1474;-0.227;NA;NA
1466;1.1486;0.1562;-0.5229;1.322;0.1289;-0.1942;NA;NA
1467;1.2671;0.1878;-0.4099;1.3149;0.1017;-0.1747;NA;NA
1468;3.1911;1.7688;0.9281;1.2848;0.0773;-0.1703;NA;NA
1469;1.3776;-0.4633;-0.2839;1.1926;0.035;-0.1924;NA;NA
1470;0.3111;-1.4302;-0.9809;1.0543;-0.0308;-0.2373;NA;NA
1471;0.7811;-0.5277;-0.8139;0.9439;-0.0854;-0.2838;NA;NA
1472;1.2916;0.5377;0.7806;0.8308;-0.1374;-0.3457;NA;NA
1473;0.6496;-0.1292;-0.0994;0.6709;-0.2064;-0.4353;NA;NA
1474;0.1566;-0.5942;-0.7684;0.5169;-0.2739;-0.5289;NA;NA
1475;0.7736;0.4852;-0.2909;0.4218;-0.3216;-0.6029;NA;NA
1476;-0.4289;-1.0607;-1.3449;0.3823;-0.3514;-0.6766;NA;NA
1477;-0.2254;-0.7052;-1.3559;0.3586;-0.3762;-0.769;NA;NA
1478;-0.1084;-0.4218;-0.2424;0.3494;-0.3938;-0.8571;NA;NA
1479;0.9726;0.9073;-0.2409;0.3531;-0.4021;-0.9175;NA;NA
1480;1.0591;0.1208;-0.9859;0.4055;-0.396;-0.9444;NA;NA
1481;-0.0359;-1.2692;-1.5054;0.5117;-0.3776;-0.9546;NA;NA
1482;-0.0134;-0.9922;-1.8139;0.6246;-0.3552;-0.9594;NA;NA
1483;0.4226;-1.1108;-1.3419;0.697;-0.3371;-0.9701;NA;NA
1484;1.6901;-0.0892;-0.5634;0.7434;-0.3137;-0.9656;NA;NA
1485;0.9356;-0.1733;-1.1224;0.8006;-0.2773;-0.9348;NA;NA
1486;1.1536;0.0522;-0.5559;0.8554;-0.2392;-0.9042;NA;NA
1487;1.8221;0.7032;-0.3559;0.8945;-0.2109;-0.9002;NA;NA
1488;1.0301;0.0918;-0.2469;0.9083;-0.1817;-0.9233;NA;NA
1489;0.2151;-1.1682;-1.1544;0.9039;-0.1421;-0.9538;NA;NA
1490;0.5791;-0.1952;-1.5909;0.893;-0.1058;-0.9877;NA;NA
1491;0.6696;0.2398;-0.7499;0.8874;-0.0863;-1.0212;NA;NA
1492;0.2551;-0.3048;-1.1869;0.879;-0.0953;-1.083;NA;NA
1493;1.2836;0.6858;-0.6939;0.8584;-0.1241;-1.1797;NA;NA
1494;0.5331;-0.6532;-1.1224;0.8354;-0.1569;-1.274;NA;NA
1495;0.8516;-0.6232;-1.6009;0.8198;-0.1773;-1.3286;NA;NA
1496;1.4566;0.1763;-1.7424;0.8354;-0.1897;-1.3415;NA;NA
1497;1.5581;0.7208;-1.1424;0.8779;-0.2057;-1.3397;NA;NA
1498;0.3711;-0.6332;-1.6004;0.9152;-0.2199;-1.3296;NA;NA
1499;0.3796;-0.6178;-1.8514;0.9152;-0.2273;-1.3177;NA;NA
1500;0.3841;-0.8632;-1.6074;0.8816;-0.2179;-1.2711;NA;NA
1501;0.6266;-0.6898;-1.3924;0.8379;-0.1995;-1.193;NA;NA
1502;1.5491;0.4028;-0.7884;0.7817;-0.1934;-1.1434;NA;NA
1503;1.3076;0.3758;-0.4304;0.6866;-0.1946;-1.1086;NA;NA
1504;1.0306;-0.1552;-0.9484;0.5521;-0.1895;-1.0525;NA;NA
1505;-0.0164;-1.0533;-1.5804;0.4144;-0.1869;-1.0018;NA;NA
1506;0.5916;0.1222;-0.6139;0.3097;-0.1955;-0.9831;NA;NA
1507;0.2451;0.1322;-0.3229;0.2157;-0.2203;-1.0056;NA;NA
1508;-0.1079;-0.0802;-0.6809;0.1029;-0.2551;-1.0516;NA;NA
1509;-0.1729;0.4182;-1.1369;-0.0037;-0.2924;-1.1081;NA;NA
1510;-0.4139;-0.5382;-1.7909;-0.0789;-0.3244;-1.1619;NA;NA
1511;-0.6394;-0.8838;-1.7504;-0.1269;-0.3692;-1.2462;NA;NA
1512;-0.2189;-0.3293;-1.2084;-0.1666;-0.435;-1.3734;NA;NA
1513;-0.1669;-0.4613;-1.4624;-0.195;-0.4989;-1.4993;NA;NA
1514;-1.0599;-2.0708;-1.5214;-0.2088;-0.5378;-1.5799;NA;NA
1515;1.1721;1.0408;-0.7604;-0.1876;-0.5492;-1.6176;NA;NA
1516;0.2201;-0.3747;-1.2589;-0.1306;-0.5499;-1.6455;NA;NA
1517;-0.4879;-1.3862;-2.9084;-0.0645;-0.5461;-1.6654;NA;NA
1518;0.0731;-0.5898;-2.4154;-0.0158;-0.5441;-1.6788;NA;NA
1519;-0.1884;-0.7372;-1.5729;0.0224;-0.538;-1.6823;NA;NA
1520;0.2336;-0.2822;-1.8484;0.07;-0.5214;-1.6737;NA;NA
1521;0.0096;-0.6482;-1.6794;0.1193;-0.4997;-1.6565;NA;NA
1522;0.4586;0.1758;-0.9619;0.1628;-0.4783;-1.6339;NA;NA
1523;0.3546;-0.2072;-1.0939;0.2089;-0.4589;-1.6024;NA;NA
1524;-0.1389;-0.4752;-1.2389;0.2633;-0.4381;-1.5582;NA;NA
1525;0.0066;-0.5028;-1.5484;0.3138;-0.4141;-1.505;NA;NA
1526;0.3506;-0.3037;-1.4239;0.3487;-0.385;-1.4463;NA;NA
1527;0.4781;-0.5592;-1.9639;0.3861;-0.3392;-1.3689;NA;NA
1528;0.2191;-0.6928;-1.5544;0.4367;-0.2783;-1.2714;NA;NA
1529;0.4586;-0.7432;-1.4419;0.4774;-0.2194;-1.1742;NA;NA
1530;0.7321;-0.1213;-1.2159;0.485;-0.1797;-1.0978;NA;NA
1531;0.7476;-0.2578;-1.0384;0.4493;-0.1545;-1.027;NA;NA
1532;0.6546;0.3852;-1.1594;0.3871;-0.1293;-0.9441;NA;NA
1533;0.5916;0.4468;-0.3244;0.3158;-0.1069;-0.8655;NA;NA
1534;-0.2104;-0.6022;-1.0204;0.2527;-0.0901;-0.8078;NA;NA
1535;0.6086;0.4302;-0.1129;0.1656;-0.0865;-0.7657;NA;NA
1536;0.0061;-0.0013;-0.6554;0.0383;-0.0948;-0.7265;NA;NA
1537;0.0076;0.2972;0.0666;-0.0879;-0.1042;-0.6953;NA;NA
1538;0.0046;0.1618;-0.6359;-0.1722;-0.1041;-0.677;NA;NA
1539;-0.3954;-0.4908;-1.2769;-0.2192;-0.0967;-0.6875;NA;NA
1540;-0.5564;-0.4588;-1.1604;-0.2607;-0.0919;-0.7258;NA;NA
1541;-1.4999;-1.4482;-1.3204;-0.2954;-0.0905;-0.7719;NA;NA
1542;-0.4349;0.0413;-0.3429;-0.3221;-0.0933;-0.8056;NA;NA
1543;-0.0324;0.4712;-0.4219;-0.3258;-0.0838;-0.8305;NA;NA
1544;-0.3544;-0.3642;-1.4174;-0.3044;-0.0584;-0.8611;NA;NA
1545;-0.1679;-0.1377;-0.6644;-0.2764;-0.0373;-0.8938;NA;NA
1546;0.6426;0.9228;-0.7034;-0.2602;-0.0407;-0.925;NA;NA
1547;-0.6614;-0.5068;-1.9829;-0.255;-0.0771;-0.9558;NA;NA
1548;0.1516;0.3008;-0.6099;-0.2466;-0.132;-0.9884;NA;NA
1549;0.2276;0.3012;-0.2654;-0.2339;-0.1908;-1.0208;NA;NA
1550;0.0026;0.2198;-0.7469;-0.2156;-0.2387;-1.0509;NA;NA
1551;-0.4114;-0.3278;-1.0174;-0.2169;-0.3268;-1.0992;NA;NA
1552;-0.7229;-1.0148;-1.7504;-0.2421;-0.4708;-1.1694;NA;NA
1553;-0.7464;-1.0893;-1.3984;-0.2592;-0.6037;-1.2338;NA;NA
1554;-0.2619;-0.1723;-0.9414;-0.2361;-0.6583;-1.2649;NA;NA
1555;0.0831;-0.4917;-1.0179;-0.1659;-0.6325;-1.267;NA;NA
1556;0.2486;-0.4742;-1.2219;-0.0716;-0.5768;-1.2614;NA;NA
1557;0.2011;-0.7148;-1.1919;0.0342;-0.5032;-1.2456;NA;NA
1558;-1.2534;-2.4387;-2.2639;0.1391;-0.4237;-1.2172;NA;NA
1559;0.0321;-0.9748;-2.1209;0.2708;-0.299;-1.1551;NA;NA
1560;0.6676;-0.2088;-0.6209;0.4422;-0.1148;-1.0586;NA;NA
1561;0.9426;0.5732;-0.4329;0.618;0.0793;-0.9569;NA;NA
1562;1.4931;1.7572;-0.2064;0.7632;0.2334;-0.8789;NA;NA
1563;0.8231;0.8552;-1.4439;0.925;0.402;-0.7914;NA;NA
1564;1.2256;1.1062;-0.8074;1.1177;0.6108;-0.6794;NA;NA
1565;0.7501;0.1888;-0.4689;1.2565;0.7672;-0.599;NA;NA
1566;1.7541;1.3793;-0.0479;1.3516;0.8716;-0.5514;NA;NA
1567;1.5781;1.0368;0.1556;1.4501;0.9732;-0.5059;NA;NA
1568;0.9326;0.1662;-0.5669;1.5231;1.053;-0.4711;NA;NA
1569;1.1061;0.3252;-1.0854;1.5418;1.0921;-0.4552;NA;NA
1570;1.6891;1.3713;-0.2764;1.4717;1.0612;-0.4833;NA;NA
1571;1.5511;0.7062;-1.2399;1.3323;0.9718;-0.5516;NA;NA
1572;2.2036;1.6472;-0.4949;1.1763;0.8664;-0.6263;NA;NA
1573;1.9891;1.5148;0.0396;1.056;0.7873;-0.6733;NA;NA
1574;1.1486;0.9868;-0.1909;0.9357;0.72;-0.7093;NA;NA
1575;0.4216;0.4742;-1.3349;0.7722;0.6327;-0.7603;NA;NA
1576;0.7876;1.0413;-0.4019;0.6071;0.5418;-0.8073;NA;NA
1577;-0.7464;-0.5893;-1.8759;0.482;0.4638;-0.8311;NA;NA
1578;-0.4499;-0.0922;-0.8764;0.3705;0.3664;-0.835;NA;NA
1579;-0.2249;0.2408;-0.5804;0.2389;0.2336;-0.8334;NA;NA
1580;0.4061;0.6478;-0.0984;0.1179;0.1063;-0.8237;NA;NA
1581;-0.5974;-0.8288;-1.7714;0.0384;0.025;-0.8032;NA;NA
1582;0.2121;-0.3487;-1.7914;0.0239;-0.0046;-0.7562;NA;NA
1583;1.3491;1.1927;0.6126;0.0566;-0.0108;-0.6827;NA;NA
1584;0.9596;0.7448;-0.1249;0.105;-0.0034;-0.6036;NA;NA
1585;-0.3924;-0.8627;-0.9169;0.1377;0.0079;-0.5399;NA;NA
1586;-0.5984;-1.0773;-0.7944;0.1721;0.0474;-0.4705;NA;NA
1587;0.9061;1.2112;0.0561;0.2317;0.1239;-0.3789;NA;NA
1588;-0.4249;-0.4752;-0.5369;0.2937;0.2042;-0.2927;NA;NA
1589;0.0926;0.0088;-0.7169;0.3352;0.255;-0.2394;NA;NA
1590;0.0331;-0.1183;-0.5789;0.3528;0.2963;-0.2221;NA;NA
1591;0.5686;0.5412;0.3916;0.3626;0.3546;-0.2198;NA;NA
1592;1.4866;1.7608;0.5936;0.372;0.4069;-0.2242;NA;NA
1593;0.3736;0.5018;-0.1579;0.3882;0.43;-0.2269;NA;NA
1594;0.6916;0.7897;-0.2119;0.4232;0.4354;-0.2259;NA;NA
1595;-0.0944;-0.2828;0.2101;0.4728;0.4405;-0.2283;NA;NA
1596;0.1616;0.2368;-0.7869;0.5206;0.432;-0.2395;NA;NA
1597;0.3256;-0.0227;-1.0164;0.5499;0.3961;-0.2647;NA;NA
1598;0.7776;0.7872;-0.6874;0.5513;0.2982;-0.3204;NA;NA
1599;0.8301;0.5532;-0.5514;0.5354;0.145;-0.4042;NA;NA
1600;0.2596;0.0378;-0.0644;0.5163;-0.0147;-0.493;NA;NA
1601;0.5006;-0.1997;-0.5619;0.5079;-0.1318;-0.5636;NA;NA
1602;0.4666;-0.3622;-0.2584;0.5081;-0.2325;-0.6297;NA;NA
1603;1.1476;0.4388;0.1616;0.5072;-0.3549;-0.7081;NA;NA
1604;0.4816;-0.8262;-0.2729;0.5077;-0.4679;-0.7801;NA;NA
1605;0.8081;-0.3032;-0.9694;0.5124;-0.5408;-0.827;NA;NA
1606;0.0431;-1.2697;-1.7659;0.5231;-0.5843;-0.8572;NA;NA
1607;-0.0384;-1.7203;-1.6079;0.5367;-0.6232;-0.8869;NA;NA
1608;0.9181;-0.1522;-0.9444;0.5488;-0.6474;-0.9101;NA;NA
1609;-0.1229;-1.1268;-0.7614;0.5546;-0.6465;-0.9204;NA;NA
1610;0.4936;-0.5392;-1.0754;0.5639;-0.5953;-0.9057;NA;NA
1611;0.7676;-0.1853;-1.3914;0.5816;-0.4977;-0.8684;NA;NA
1612;1.6731;0.8248;-0.2469;0.5962;-0.3868;-0.8241;NA;NA
1613;-0.1829;-1.2857;-0.9904;0.596;-0.2961;-0.7888;NA;NA
1614;0.8711;0.1568;-0.1834;0.5757;-0.1974;-0.7347;NA;NA
1615;0.3651;-0.5618;-0.5574;0.5436;-0.0643;-0.6473;NA;NA
1616;0.9981;0.2472;-0.4144;0.509;0.0669;-0.5628;NA;NA
1617;0.7396;0.1318;-0.6024;0.4809;0.1603;-0.517;NA;NA
1618;0.4841;0.2528;-0.3939;0.4306;0.2042;-0.53;NA;NA
1619;-0.0434;-0.1342;-0.9424;0.3484;0.2247;-0.577;NA;NA
1620;-0.0164;0.5337;-0.9149;0.2723;0.2419;-0.6268;NA;NA
1621;0.8866;1.5612;0.1096;0.24;0.276;-0.648;NA;NA
1622;0.0376;0.2958;-0.2939;0.2606;0.329;-0.6498;NA;NA
1623;-0.0274;0.0672;-0.6824;0.3061;0.3854;-0.6568;NA;NA
1624;0.2256;0.4002;-0.8059;0.3589;0.439;-0.6616;NA;NA
1625;-0.0139;0.1862;-0.4229;0.4012;0.4836;-0.6567;NA;NA
1626;-0.3719;-0.5642;-1.7439;0.4672;0.5253;-0.6203;NA;NA
1627;0.5036;0.1232;-1.3539;0.5633;0.5666;-0.5639;NA;NA
1628;0.7396;0.3742;-1.4679;0.6304;0.5955;-0.5294;NA;NA
1629;1.7616;1.5342;0.4406;0.6784;0.6269;-0.5084;NA;NA
1630;1.0791;1.0717;0.5721;0.7419;0.6701;-0.4755;NA;NA
1631;1.0436;1.0143;0.0611;0.7991;0.7046;-0.4477;NA;NA
1632;1.4771;1.2918;-0.1134;0.8282;0.7101;-0.4416;NA;NA
1633;0.2816;0.0708;-1.4254;0.8222;0.6769;-0.4644;NA;NA
1634;1.0421;1.2297;0.0901;0.7954;0.6196;-0.5035;NA;NA
1635;-0.2389;-0.5908;-0.4174;0.7578;0.5538;-0.5468;NA;NA
1636;1.0776;1.3137;-0.3349;0.7193;0.4955;-0.582;NA;NA
1637;0.5671;0.5077;-0.6034;0.6677;0.4213;-0.6336;NA;NA
1638;-0.0364;-0.1907;-1.0289;0.5933;0.3158;-0.7153;NA;NA
1639;1.0156;0.9862;-1.2059;0.5107;0.2067;-0.7989;NA;NA
1640;0.3566;-0.4968;-1.5269;0.4342;0.1215;-0.8561;NA;NA
1641;0.5831;0.1648;-0.4349;0.3582;0.0633;-0.8795;NA;NA
1642;0.0451;-0.6222;-1.3749;0.2735;0.0125;-0.8876;NA;NA
1643;0.3351;-0.5708;-0.8704;0.1891;-0.0365;-0.8905;NA;NA
1644;0.4306;-0.1183;-0.5009;0.1139;-0.0893;-0.8986;NA;NA
1645;-0.0359;-0.1078;-1.0854;0.0229;-0.1551;-0.9035;NA;NA
1646;0.5906;0.9068;-0.3969;-0.0932;-0.229;-0.8964;NA;NA
1647;0.1771;0.6567;-0.2979;-0.2019;-0.2964;-0.8868;NA;NA
1648;-0.9424;-0.6828;-0.8419;-0.2707;-0.3425;-0.8844;NA;NA
1649;-0.8564;-0.6052;-1.3294;-0.3119;-0.3747;-0.8961;NA;NA
1650;-0.9524;-0.9872;-2.3254;-0.3513;-0.4052;-0.9163;NA;NA
1651;-0.0349;-0.0177;0.2156;-0.3761;-0.4267;-0.9357;NA;NA
1652;-0.1134;-0.1907;-0.3194;-0.3737;-0.4322;-0.945;NA;NA
1653;-0.6819;-1.2133;-1.0544;-0.3158;-0.4159;-0.9417;NA;NA
1654;-0.7969;-1.6728;-1.4319;-0.2087;-0.3836;-0.9328;NA;NA
1655;0.1676;0.0908;-1.3454;-0.0917;-0.3454;-0.9233;NA;NA
1656;0.0606;-0.1572;-1.2829;-0.0041;-0.3114;-0.9181;NA;NA
1657;0.6741;0.8122;-0.3909;0.0911;-0.2583;-0.9144;NA;NA
1658;-0.3434;-1.0797;-1.0899;0.2262;-0.1745;-0.9074;NA;NA
1659;0.5461;0.4522;-0.5234;0.3557;-0.0879;-0.899;NA;NA
1660;0.4186;0.0242;-0.8539;0.4338;-0.0264;-0.8912;NA;NA
1661;0.7871;0.2772;-0.9554;0.4545;0.0094;-0.8912;NA;NA
1662;0.6311;0.2418;-0.2334;0.4508;0.0392;-0.8984;NA;NA
1663;0.5106;0.0788;-0.7714;0.4359;0.066;-0.9024;NA;NA
1664;0.7761;0.1427;-1.2464;0.4228;0.0924;-0.893;NA;NA
1665;1.0246;0.2078;-0.9714;0.3846;0.1167;-0.8668;NA;NA
1666;-0.3744;-0.7248;-1.2934;0.3086;0.1353;-0.8323;NA;NA
1667;0.2586;0.5758;-0.6724;0.2285;0.1483;-0.797;NA;NA
1668;-0.1474;-0.7867;-1.4564;0.1784;0.1558;-0.7686;NA;NA
1669;-0.3169;0.0918;-0.8979;0.1425;0.1653;-0.7313;NA;NA
1670;0.2031;0.4362;-0.2154;0.0945;0.1784;-0.6774;NA;NA
1671;0.0081;0.6222;-0.3704;0.0521;0.1862;-0.6269;NA;NA
1672;-0.1204;0.1208;-0.8104;0.0333;0.1799;-0.5994;NA;NA
1673;0.0271;0.7448;-0.3629;0.0532;0.1597;-0.597;NA;NA
1674;0.5691;0.1442;-0.5274;0.1009;0.1328;-0.6042;NA;NA
1675;0.0046;0.2938;-0.0179;0.1549;0.1008;-0.6143;NA;NA
1676;-0.0139;-0.0912;-0.3179;0.1936;0.0651;-0.6206;NA;NA
1677;0.0441;-0.0662;-0.5149;0.2327;0.0081;-0.6443;NA;NA
1678;0.4916;-0.0508;-0.8844;0.2895;-0.0744;-0.6937;NA;NA
1679;0.7676;0.1013;-0.4759;0.3447;-0.1598;-0.7432;NA;NA
1680;-0.3009;-1.4397;-2.0654;0.3787;-0.2256;-0.767;NA;NA
1681;0.6881;-0.3882;-1.2909;0.3957;-0.2776;-0.7699;NA;NA
1682;1.0031;0.5782;-0.7294;0.4098;-0.3326;-0.7709;NA;NA
1683;0.4346;-0.5082;-0.5044;0.4168;-0.3845;-0.7664;NA;NA
1684;-0.1089;-0.6972;-0.3259;0.4125;-0.4272;-0.7525;NA;NA
1685;0.3186;-0.2578;-0.8249;0.3693;-0.4712;-0.7146;NA;NA
1686;0.4521;-0.4842;-0.5684;0.2886;-0.5206;-0.653;NA;NA
1687;0.5876;-0.3418;-0.4269;0.2096;-0.5604;-0.5866;NA;NA
1688;0.0336;-0.8192;-0.8874;0.1715;-0.5752;-0.5342;NA;NA
1689;0.4961;-0.5277;-0.0419;0.1452;-0.5758;-0.4924;NA;NA
1690;0.6201;0.0373;-0.3414;0.1068;-0.5725;-0.4476;NA;NA
1691;-0.1119;-0.4788;-0.5384;0.1034;-0.549;-0.4038;NA;NA
1692;-0.3289;-0.7882;-0.4754;0.1611;-0.4817;-0.3552;NA;NA
1693;-0.4064;-1.3747;-0.1719;0.2556;-0.3782;-0.3006;NA;NA
1694;-0.2874;-0.3607;-0.3344;0.3577;-0.2694;-0.2507;NA;NA
1695;0.0206;-0.6582;-0.3974;0.4381;-0.1865;-0.2163;NA;NA
1696;0.6296;-0.3662;-0.5494;0.5363;-0.0992;-0.1898;NA;NA
1697;0.8056;0.6912;-0.0914;0.6787;0.0191;-0.162;NA;NA
1698;0.8326;0.2452;-0.7349;0.8156;0.1316;-0.1411;NA;NA
1699;1.8581;0.7128;0.2606;0.8979;0.2017;-0.1348;NA;NA
1700;1.2456;0.3668;0.5006;0.9404;0.2264;-0.149;NA;NA
1701;1.0531;0.4142;0.3551;0.9817;0.2331;-0.1776;NA;NA
1702;1.7236;1.2052;0.4036;1.0078;0.2313;-0.2113;NA;NA
1703;0.9566;0.2298;-0.5529;1.0049;0.2305;-0.2408;NA;NA
1704;0.3791;-0.5698;-0.9169;0.9322;0.1993;-0.2847;NA;NA
1705;1.1821;0.2342;-0.4199;0.7945;0.1261;-0.3526;NA;NA
1706;0.6171;-0.0353;-0.4724;0.6456;0.0492;-0.4208;NA;NA
1707;0.0461;-0.4087;-1.0224;0.5393;0.0073;-0.4658;NA;NA
1708;0.3746;-0.1098;-0.1509;0.4491;0.0015;-0.4923;NA;NA
1709;0.2956;-0.2588;-0.6039;0.3336;0.0037;-0.5181;NA;NA
1710;0.1731;-0.3582;-0.5174;0.2236;0.0081;-0.5398;NA;NA
1711;0.0796;-0.2453;-0.3779;0.1503;0.0088;-0.554;NA;NA
1712;0.0856;0.2468;-0.7744;0.1203;0.0183;-0.5492;NA;NA
1713;-0.3959;-0.0483;-1.0159;0.1123;0.044;-0.5254;NA;NA
1714;0.7171;1.2077;0.0026;0.1151;0.0726;-0.497;NA;NA
1715;-0.0069;0.4042;-0.2879;0.1175;0.091;-0.4784;NA;NA
1716;-0.1969;-0.3153;-0.3929;0.1351;0.0968;-0.467;NA;NA
1717;0.1691;0.4702;-0.0669;0.1775;0.0987;-0.4528;NA;NA
1718;1.0996;1.0368;-0.2454;0.2244;0.0996;-0.4388;NA;NA
1719;-0.0989;-0.9618;-1.1849;0.2554;0.1025;-0.4281;NA;NA
1720;-0.2704;-1.2992;-0.6109;0.2761;0.099;-0.4186;NA;NA
1721;0.6781;0.4252;-0.3784;0.3019;0.0847;-0.4085;NA;NA
1722;0.3986;0.3592;-0.2314;0.3271;0.0692;-0.401;NA;NA
1723;0.2511;0.0448;-0.6934;0.3461;0.062;-0.3995;NA;NA
1724;0.6826;0.1688;-0.2169;0.3562;0.0684;-0.4081;NA;NA
1725;0.2971;0.0342;-0.4214;0.3614;0.0841;-0.4235;NA;NA
1726;0.3996;0.3392;0.0576;0.3655;0.1032;-0.4386;NA;NA
1727;0.5721;0.5988;-0.2414;0.3726;0.12;-0.4465;NA;NA
1728;-0.1474;-0.2202;-0.8804;0.38;0.1395;-0.4448;NA;NA
1729;0.2341;0.1352;-0.4434;0.3843;0.1653;-0.4393;NA;NA
1730;0.7471;0.6108;0.0231;0.3879;0.1898;-0.4344;NA;NA
1731;0.5626;0.1738;-0.4849;0.3934;0.2054;-0.4348;NA;NA
1732;-0.1814;-0.5702;-1.1784;0.3975;0.2039;-0.4418;NA;NA
1733;0.5336;0.0483;-1.2569;0.3988;0.1901;-0.4524;NA;NA
1734;0.5286;0.1208;-0.3259;0.4023;0.1762;-0.4646;NA;NA
1735;0.7426;0.6312;0.6351;0.4132;0.1744;-0.4764;NA;NA
1736;0.4241;0.3163;-0.4714;0.4382;0.1867;-0.4931;NA;NA
1737;0.2916;0.3472;-0.6689;0.4735;0.2046;-0.5152;NA;NA
1738;0.9171;0.7982;-0.2634;0.5085;0.2244;-0.5341;NA;NA
1739;0.0436;-0.3123;-0.5754;0.5325;0.242;-0.5412;NA;NA
1740;-0.0019;-0.2547;-0.4034;0.5474;0.255;-0.5461;NA;NA
1741;0.5076;0.1192;-0.2444;0.5615;0.2657;-0.557;NA;NA
1742;0.6186;0.2758;-1.0169;0.5738;0.2779;-0.5632;NA;NA
1743;1.1631;0.7292;-1.1094;0.5833;0.2953;-0.5543;NA;NA
1744;0.8796;0.5062;-0.7299;0.6007;0.326;-0.5279;NA;NA
1745;0.9381;0.3872;-0.0729;0.6274;0.3677;-0.4919;NA;NA
1746;0.2711;0.0063;-0.9574;0.6495;0.4091;-0.4508;NA;NA
1747;0.5431;0.6008;-0.6294;0.6528;0.4384;-0.4089;NA;NA
1748;0.4906;0.5282;0.0336;0.6335;0.4656;-0.3508;NA;NA
1749;0.1101;0.2382;0.3031;0.6012;0.5001;-0.2711;NA;NA
1750;0.8641;0.5408;0.0706;0.5615;0.5291;-0.1892;NA;NA
1751;0.5121;0.1427;-0.8459;0.5201;0.5401;-0.1244;NA;NA
1752;0.7341;0.5873;-0.4659;0.4392;0.5129;-0.0715;NA;NA
1753;0.3631;0.9788;0.7626;0.3252;0.4631;-0.0169;NA;NA
1754;0.9671;1.3128;0.4536;0.2499;0.4319;0.0324;NA;NA
1755;0.2891;0.3762;-0.1639;0.2062;0.4167;0.0774;NA;NA
1756;0.0751;0.2042;-0.0899;0.1533;0.3937;0.1207;NA;NA
1757;0.1261;0.4458;0.1226;0.112;0.3724;0.1583;NA;NA
1758;-0.1629;0.1402;0.2296;0.103;0.362;0.1861;NA;NA
1759;-0.6089;-0.3348;-0.5219;0.1347;0.3605;0.2095;NA;NA
1760;-0.3669;-0.1277;0.2371;0.1913;0.3603;0.2325;NA;NA
1761;0.0481;0.3798;0.5056;0.2578;0.3619;0.2491;NA;NA
1762;0.3596;0.4068;0.5301;0.3191;0.366;0.2532;NA;NA
1763;0.2126;0.2798;0.4351;0.4158;0.3866;0.2437;NA;NA
1764;0.7216;0.7503;0.0106;0.5641;0.4259;0.2252;NA;NA
1765;1.4631;1.2168;0.9081;0.7122;0.4667;0.2;NA;NA
1766;0.9596;0.7372;0.3426;0.8082;0.4917;0.1705;NA;NA
1767;0.9151;0.1152;-0.6714;0.8641;0.5013;0.1154;NA;NA
1768;0.9486;0.4222;-0.2649;0.9194;0.5076;0.0308;NA;NA
1769;1.3581;0.6268;0.4231;0.9631;0.5117;-0.0548;NA;NA
1770;0.9326;0.3608;0.1846;0.9847;0.5147;-0.1132;NA;NA
1771;0.8936;0.4438;-0.5249;0.9539;0.5046;-0.1643;NA;NA
1772;1.4656;0.8508;0.2411;0.8747;0.4787;-0.2308;NA;NA
1773;0.6451;0.4982;-0.2699;0.7876;0.4522;-0.2877;NA;NA
1774;0.2111;-0.2278;-1.1454;0.733;0.4403;-0.3103;NA;NA
1775;0.4346;0.3672;-0.1864;0.6987;0.449;-0.2824;NA;NA
1776;0.4461;0.3422;-0.5044;0.6537;0.4683;-0.2213;NA;NA
1777;0.6541;0.7512;0.0726;0.611;0.4892;-0.1523;NA;NA
1778;0.6886;0.5933;-0.4829;0.5834;0.5029;-0.1009;NA;NA
1779;0.5321;0.5372;-0.1369;0.5814;0.5166;-0.0474;NA;NA
1780;0.5926;0.8588;0.6006;0.5969;0.5372;0.0294;NA;NA
1781;0.1866;0.0252;-0.3509;0.6147;0.5562;0.1062;NA;NA
1782;0.5846;0.5277;-0.1834;0.6197;0.5647;0.16;NA;NA
1783;1.0091;1.0637;0.7156;0.6207;0.5642;0.1982;NA;NA
1784;1.0851;0.7523;1.1971;0.6302;0.5613;0.2388;NA;NA
1785;0.4651;0.2812;0.6366;0.639;0.5544;0.2742;NA;NA
1786;0.6301;0.1998;0.0736;0.6377;0.5423;0.2969;NA;NA
1787;0.9241;0.7938;0.1971;0.6258;0.5145;0.2984;NA;NA
1788;0.8886;0.6567;-0.1984;0.609;0.4713;0.2822;NA;NA
1789;0.1916;0.3412;-0.0879;0.5875;0.4267;0.2586;NA;NA
1790;0.1691;0.4412;0.1086;0.5612;0.3947;0.2379;NA;NA
1791;-0.0094;-0.0972;-0.4424;0.5178;0.3639;0.2049;NA;NA
1792;0.6736;0.7548;0.6326;0.4564;0.3231;0.1516;NA;NA
1793;0.6761;0.4502;0.8016;0.3945;0.2868;0.0983;NA;NA
1794;0.5331;0.1298;0.3636;0.3494;0.2695;0.0655;NA;NA
1795;0.9736;0.6158;0.3791;0.3227;0.2777;0.0475;NA;NA
1796;0.2271;-0.1922;-0.3204;0.3021;0.3012;0.0298;NA;NA
1797;0.1756;-0.0363;-0.1904;0.2846;0.3292;0.0196;NA;NA
1798;-0.0174;0.5152;-0.0469;0.267;0.3509;0.0237;NA;NA
1799;-0.2439;0.0652;-0.0879;0.258;0.3901;0.0444;NA;NA
1800;0.0151;0.1658;-0.2389;0.2595;0.4563;0.0746;NA;NA
1801;0.2306;0.7012;-0.0924;0.2582;0.5177;0.1076;NA;NA
1802;0.3571;0.7723;0.0656;0.2407;0.5429;0.1366;NA;NA
1803;0.4271;1.0427;0.6301;0.2056;0.5314;0.1842;NA;NA
1804;0.0046;0.2228;-0.4764;0.1642;0.5079;0.259;NA;NA
1805;0.3341;0.4188;0.1646;0.122;0.4781;0.3338;NA;NA
1806;0.4236;0.8312;0.6891;0.0847;0.4479;0.3809;NA;NA
1807;0.8156;1.2623;1.2971;0.0333;0.3861;0.4098;NA;NA
1808;0.0206;0.3888;0.9916;-0.0384;0.285;0.4411;NA;NA
1809;-0.1799;0.1648;0.3596;-0.1053;0.1851;0.4642;NA;NA
1810;-0.5749;-0.0867;0.1076;-0.1424;0.1272;0.4688;NA;NA
1811;-0.5954;-0.7098;0.1961;-0.1579;0.1041;0.443;NA;NA
1812;-0.2949;-0.5317;0.0336;-0.1722;0.0841;0.3925;NA;NA
1813;-0.4829;-0.1068;0.1366;-0.1788;0.0709;0.3338;NA;NA
1814;-0.1474;0.3292;1.2466;-0.1715;0.068;0.2833;NA;NA
1815;-0.5364;-0.1098;0.1011;-0.1202;0.1065;0.2175;NA;NA
1816;0.0681;0.0298;0.1836;-0.0361;0.1774;0.1297;NA;NA
1817;-0.0559;0.2462;0.0146;0.0254;0.2248;0.0613;NA;NA
1818;0.2591;0.5148;-0.5994;0.085;0.2659;0.0076;NA;NA
1819;0.3981;0.4548;-0.3514;0.1763;0.335;-0.0537;NA;NA
1820;0.7321;1.1187;0.5261;0.264;0.401;-0.1076;NA;NA
1821;0.4071;0.5748;0.2041;0.3126;0.4331;-0.1389;NA;NA
1822;0.5911;0.8432;0.0901;0.3115;0.4169;-0.1389;NA;NA
1823;0.1436;0.0992;-0.6054;0.2852;0.3723;-0.1192;NA;NA
1824;0.2391;-0.0147;-0.5324;0.2502;0.32;-0.0956;NA;NA
1825;0.3626;0.2542;-0.0069;0.2232;0.2803;-0.0839;NA;NA
1826;-0.1934;-0.1733;-0.6549;0.1768;0.2282;-0.0656;NA;NA
1827;0.1926;0.3632;-0.2364;0.0958;0.1464;-0.0267;NA;NA
1828;-0.0704;-0.0088;0.1461;0.015;0.0664;0.0102;NA;NA
1829;0.1166;0.1478;0.2826;-0.0303;0.02;0.0228;NA;NA
1830;0.4791;0.7163;0.7671;-0.0434;0.0086;0.0209;NA;NA
1831;-0.8399;-1.0037;0.2136;-0.0498;0.0097;0.0224;NA;NA
1832;-0.3614;-0.0443;0.5366;-0.0483;0.0191;0.0171;NA;NA
1833;-0.0104;0.4012;-0.1174;-0.0375;0.0329;-0.0051;NA;NA
1834;-0.2294;-0.4308;-0.5029;0.0041;0.0685;-0.0685;NA;NA
1835;-0.1114;-0.1312;-0.7824;0.0774;0.1299;-0.1686;NA;NA
1836;0.9556;0.9668;-0.0504;0.1526;0.1933;-0.273;NA;NA
1837;-0.0084;-0.2058;0.0796;0.2001;0.2348;-0.3493;NA;NA
1838;-0.1059;0.2052;-0.6424;0.2366;0.2707;-0.4172;NA;NA
1839;0.3526;0.5022;-0.4414;0.2861;0.3205;-0.502;NA;NA
1840;0.2041;0.0168;-0.8264;0.3297;0.3651;-0.5795;NA;NA
1841;1.1161;1.2328;0.1521;0.3482;0.3851;-0.6255;NA;NA
1842;0.3496;0.2732;-1.0094;0.3303;0.3691;-0.6299;NA;NA
1843;0.5896;0.5262;-0.8259;0.2885;0.3301;-0.6098;NA;NA
1844;0.0116;-0.1612;-1.4509;0.2399;0.2859;-0.5815;NA;NA
1845;0.2671;0.7148;-0.7704;0.2015;0.2539;-0.5614;NA;NA
1846;0.2801;0.5022;-0.2049;0.1562;0.2147;-0.542;NA;NA
1847;-0.0364;0.1682;-0.4174;0.0894;0.1531;-0.5102;NA;NA
1848;-0.3219;-0.5122;-0.2089;0.0218;0.0932;-0.4738;NA;NA
1849;-0.2709;0.0738;0.1881;-0.0257;0.0591;-0.4404;NA;NA
1850;-0.0554;0.0068;-0.2284;-0.0606;0.053;-0.4002;NA;NA
1851;6e-04;-0.1977;-0.3399;-0.0985;0.0573;-0.3463;NA;NA
1852;-0.2049;-0.2497;-0.5574;-0.1302;0.0666;-0.2909;NA;NA
1853;-0.0189;0.2452;-0.5389;-0.1466;0.0751;-0.2459;NA;NA
1854;-0.4554;-0.2788;-0.5924;-0.1338;0.103;-0.208;NA;NA
1855;0.3241;0.5308;0.2996;-0.0971;0.1565;-0.1699;NA;NA
1856;0.1616;0.4518;-0.5499;-0.057;0.2091;-0.1375;NA;NA
1857;-0.2559;0.2418;-0.0849;-0.0337;0.2348;-0.1164;NA;NA
1858;-0.3179;0.2262;-0.1844;-0.0257;0.2309;-0.1032;NA;NA
1859;-0.1334;0.3332;-0.4214;-0.0175;0.2172;-0.0913;NA;NA
1860;-0.0569;0.2672;-0.1039;-0.0094;0.2008;-0.0827;NA;NA
1861;0.1191;0.5117;1.0826;-0.0013;0.1889;-0.079;NA;NA
1862;0.2781;0.4558;0.6636;0.0014;0.1634;-0.0908;NA;NA
1863;0.7576;0.4382;-0.3339;-0.0015;0.1169;-0.118;NA;NA
1864;-0.1104;-0.4917;-0.6339;-0.0024;0.0718;-0.1467;NA;NA
1865;-0.0044;-0.0108;-0.3434;0.0066;0.0506;-0.1631;NA;NA
1866;-0.6269;-0.6392;-0.6929;0.0279;0.0547;-0.1736;NA;NA
1867;-0.2109;-0.3998;-0.2244;0.0552;0.0673;-0.1904;NA;NA
1868;-0.0764;0.0222;-0.2679;0.0832;0.0834;-0.2075;NA;NA
1869;0.3891;0.8608;0.1206;0.1067;0.0981;-0.2189;NA;NA
1870;0.0821;0.1407;-0.4979;0.135;0.127;-0.2177;NA;NA
1871;-0.3659;-0.4458;-0.5614;0.173;0.1766;-0.2065;NA;NA
1872;0.8036;0.8488;0.5071;0.2092;0.2273;-0.1934;NA;NA
1873;0.0531;-0.1508;-0.7374;0.2318;0.2597;-0.1867;NA;NA
1874;0.7216;0.9128;-0.2869;0.2473;0.2733;-0.1843;NA;NA
1875;0.3351;0.8512;0.8071;0.2654;0.2821;-0.18;NA;NA
1876;0.2726;0.0568;0.4071;0.2794;0.2886;-0.1758;NA;NA
1877;0.4471;0.0682;-0.5789;0.2825;0.2955;-0.1735;NA;NA
1878;0.0941;0.0363;-0.6404;0.2503;0.2766;-0.1872;NA;NA
1879;0.2411;0.5032;-0.3564;0.193;0.2353;-0.2125;NA;NA
1880;0.0971;0.0363;-0.3989;0.1561;0.2189;-0.2242;NA;NA
1881;0.2711;0.3408;-0.0019;0.1352;0.2358;-0.2141;NA;NA
1882;-0.1939;-0.1083;-0.6284;0.1041;0.2608;-0.1957;NA;NA
1883;-0.0034;0.2562;0.3296;0.0765;0.2894;-0.1767;NA;NA
1884;0.1676;0.3087;-0.6809;0.0655;0.3174;-0.1647;NA;NA
1885;0.0051;0.3478;0.0786;0.0833;0.3699;-0.1405;NA;NA
1886;0.1571;0.2992;-0.0694;0.121;0.4528;-0.096;NA;NA
1887;-0.2539;0.3632;-0.2289;0.1613;0.5325;-0.0559;NA;NA
1888;-0.0614;0.4548;-0.1399;0.1867;0.5754;-0.0447;NA;NA
1889;0.2156;0.6278;-0.1044;0.2079;0.5802;-0.0781;NA;NA
1890;0.6736;1.1832;0.2336;0.2394;0.5723;-0.1389;NA;NA
1891;0.2216;0.6647;0.6066;0.2688;0.5581;-0.2028;NA;NA
1892;0.8526;1.0953;-0.3374;0.2841;0.5441;-0.2452;NA;NA
1893;0.3631;0.8062;0.0216;0.2822;0.514;-0.2851;NA;NA
1894;-0.0184;0.0053;-0.2804;0.2718;0.4609;-0.343;NA;NA
1895;0.4461;0.4168;-0.9719;0.2579;0.405;-0.3969;NA;NA
1896;0.1666;0.4412;-0.8309;0.246;0.3668;-0.4245;NA;NA
1897;0.5101;0.3232;-0.1749;0.2207;0.3388;-0.4225;NA;NA
1898;-0.0679;-0.3363;-0.9409;0.1764;0.3044;-0.4071;NA;NA
1899;-0.3029;-0.6902;-1.0294;0.1321;0.2701;-0.3862;NA;NA
1900;0.2761;0.3692;-0.5584;0.107;0.2424;-0.3675;NA;NA
1901;-0.2954;0.3213;-0.4834;0.0973;0.2281;-0.3223;NA;NA
1902;0.3081;0.5732;0.3606;0.0891;0.2249;-0.2409;NA;NA
1903;0.4151;0.7298;0.5396;0.0867;0.2261;-0.1598;NA;NA
1904;0.2176;0.9018;0.8316;0.0942;0.2246;-0.1153;NA;NA
1905;-0.1754;-0.0137;-1.0684;0.1216;0.2209;-0.1026;NA;NA
1906;0.1141;0.1718;-0.3189;0.1665;0.2196;-0.0944;NA;NA
1907;0.1351;0.1468;0.2186;0.2144;0.2197;-0.0941;NA;NA
1908;0.0061;-0.0277;-0.3724;0.2508;0.2204;-0.1051;NA;NA
1909;0.5596;0.3177;0.8256;0.2845;0.2123;-0.1507;NA;NA
1910;0.5701;0.2532;-0.0399;0.3269;0.1944;-0.2316;NA;NA
1911;-0.1419;-0.8908;-0.6629;0.3676;0.178;-0.3173;NA;NA
1912;0.4396;0.2932;-1.3769;0.3964;0.1746;-0.3772;NA;NA
1913;0.9141;0.9862;-0.5364;0.4216;0.2018;-0.4191;NA;NA
1914;0.3251;0.1738;-0.2354;0.4517;0.2534;-0.4654;NA;NA
1915;0.5731;0.3103;-0.3744;0.4766;0.3058;-0.5076;NA;NA
1916;0.8651;0.3302;-0.1839;0.4863;0.3353;-0.5372;NA;NA
1917;-0.1624;-0.3892;-0.7369;0.4754;0.349;-0.5467;NA;NA
1918;0.1926;0.6108;-0.5704;0.4507;0.3653;-0.5422;NA;NA
1919;0.7546;0.6412;-1.2169;0.4195;0.3764;-0.535;NA;NA
1920;0.4491;0.5833;-0.1079;0.3893;0.3747;-0.5363;NA;NA
1921;0.8501;1.1168;-0.2824;0.3494;0.3468;-0.5481;NA;NA
1922;-0.1749;0.0952;-0.5964;0.2936;0.2972;-0.5614;NA;NA
1923;0.3031;-0.2602;-0.7809;0.2365;0.2451;-0.5713;NA;NA
1924;0.4341;0.5902;-0.3514;0.1925;0.2095;-0.5728;NA;NA
1925;0.1421;0.0378;-0.1724;0.1602;0.1882;-0.5612;NA;NA
1926;-0.0479;0.0728;-0.4079;0.1283;0.1661;-0.5404;NA;NA
1927;0.0201;-0.1377;-0.8394;0.0967;0.1425;-0.5186;NA;NA
1928;-0.0319;0.1013;-0.3034;0.0655;0.1172;-0.504;NA;NA
1929;-0.4224;-0.3782;-1.2509;0.0299;0.0856;-0.4951;NA;NA
1930;-0.0184;0.0433;-0.9324;-0.0098;0.0488;-0.4862;NA;NA
1931;0.3501;0.2658;-0.8789;-0.0467;0.0145;-0.4784;NA;NA
1932;0.0566;0.0348;0.0906;-0.0736;-0.0095;-0.4731;NA;NA
1933;0.0916;0.2458;0.1551;-0.092;-0.0233;-0.4718;NA;NA
1934;-0.1064;0.2708;0.1336;-0.1071;-0.0323;-0.4728;NA;NA
1935;0.1261;0.7498;-0.3224;-0.1173;-0.0369;-0.4721;NA;NA
1936;-0.2249;-0.3918;-0.5219;-0.121;-0.0377;-0.4657;NA;NA
1937;-0.0034;-0.0682;-0.8509;-0.1156;-0.0327;-0.4619;NA;NA
1938;-0.6884;-0.8442;-0.7724;-0.103;-0.0226;-0.4649;NA;NA
1939;-0.5089;-0.5732;-0.2214;-0.0877;-0.0123;-0.4653;NA;NA
1940;0.1726;-0.2732;-0.8354;-0.0747;-0.0062;-0.4536;NA;NA
1941;-0.3609;-0.1153;-0.6999;-0.0531;-0.0032;-0.4329;NA;NA
1942;0.2341;0.6102;-0.4189;-0.0214;0.001;-0.4107;NA;NA
1943;0.4701;0.7732;-0.0884;0.0015;0.0068;-0.3845;NA;NA
1944;-0.1524;0.0918;-0.4149;0.0243;0.0256;-0.3285;NA;NA
1945;0.0451;-0.0312;-0.3549;0.0588;0.0592;-0.2406;NA;NA
1946;-0.0584;0.0177;-0.3104;0.0908;0.0931;-0.1537;NA;NA
1947;0.7076;0.6342;0.2711;0.1061;0.1129;-0.1004;NA;NA
1948;-0.0804;-0.4912;-0.3639;0.0902;0.1052;-0.0878;NA;NA
1949;0.0356;-0.1598;0.1836;0.052;0.0781;-0.0922;NA;NA
1950;0.2531;0.1198;0.6806;0.0125;0.0492;-0.0998;NA;NA
1951;-0.1959;-0.2712;-0.6724;-0.0075;0.0364;-0.0972;NA;NA
1952;-0.1674;0.2592;0.2601;-0.009;0.0413;-0.0909;NA;NA
1953;-0.2474;0.0758;-0.1369;-0.0082;0.0517;-0.0926;NA;NA
1954;0.2226;0.2382;0.1526;-0.0067;0.0643;-0.0962;NA;NA
1955;0.3431;0.3518;-0.1444;-0.0062;0.0756;-0.0953;NA;NA
1956;-0.3239;-0.0342;-0.5279;0.0053;0.0995;-0.0854;NA;NA
1957;-0.6424;-0.0817;-0.6504;0.0302;0.1394;-0.071;-1.4441;NA
1958;-0.2334;-0.3472;-0.9809;0.0529;0.1767;-0.0601;-0.4057;NA
1959;0.0666;0.1452;-0.2194;0.0574;0.1924;-0.0606;0.3226;NA
1960;0.0706;-0.0607;0.7486;0.0456;0.1855;-0.0676;0.8176;NA
1961;1.1721;0.9612;0.4786;0.0303;0.1703;-0.0727;0.4751;NA
1962;0.5086;0.4668;0.6196;0.0121;0.1507;-0.0793;-0.0216;NA
1963;0.4036;0.7508;0.5486;-0.0085;0.1305;-0.0905;0.6601;NA
1964;-0.8419;-0.4258;-0.5099;-0.0459;0.1006;-0.1146;-1.3307;NA
1965;-0.5354;-0.4442;-0.6744;-0.103;0.0572;-0.1511;-0.4657;NA
1966;0.1666;0.4818;0.0801;-0.1609;0.0123;-0.1892;-0.2716;NA
1967;-0.1659;0.0888;-0.5939;-0.2009;-0.0222;-0.2186;-0.0616;NA
1968;-0.7874;-0.5042;-0.8044;-0.2385;-0.0601;-0.2613;-0.9282;NA
1969;-0.0654;0.0658;-0.1624;-0.2897;-0.1123;-0.3281;-0.2141;NA
1970;-0.4669;-0.4628;-0.4129;-0.3361;-0.1628;-0.3917;-0.2207;NA
1971;-0.5919;-0.3962;-0.3514;-0.3595;-0.1951;-0.4249;-0.3799;NA
1972;-0.3674;-0.3922;-0.7714;-0.3485;-0.2104;-0.4213;-0.8091;-0.3002
1973;0.3926;0.6902;0.5091;-0.3179;-0.219;-0.4007;0.5768;-0.2315
1974;-0.2154;-0.0902;-0.3234;-0.2884;-0.2191;-0.375;-0.0599;-0.1572
1975;-0.9574;-1.0727;-1.0994;-0.2502;-0.197;-0.3352;-0.4407;-0.1031
1976;-0.1834;-0.0932;0.2091;-0.1916;-0.153;-0.2746;0.0934;-0.0554
1977;-0.5254;-0.2688;-0.7334;-0.1307;-0.1066;-0.2093;-0.5657;0.0012
1978;0.7936;0.7528;0.4701;-0.0853;-0.077;-0.1555;0.4001;0.0431
1979;0.7011;0.4738;-0.1234;-0.0501;-0.0596;-0.1067;0.7576;0.0635
1980;-1.4279;-1.7293;-1.1029;-0.0116;-0.0398;-0.0503;-0.7341;0.075
1981;-0.0309;-0.0277;0.3486;0.0253;-0.0217;0.007;-0.0516;0.0831
1982;0.0351;0.1512;0.1096;0.0555;-0.0096;0.0585;0.5801;0.0934
1983;1.0876;0.9882;0.6181;0.0761;-0.0092;0.1126;0.6218;0.0918
1984;-0.2314;-0.2517;0.3641;0.091;-0.0174;0.1754;-0.4849;0.0777
1985;0.5241;0.6738;0.7011;0.1048;-0.0249;0.2358;0.6951;0.0764
1986;0.1361;0.1618;-0.4079;0.1225;-0.0226;0.283;-0.1182;0.0798
1987;-0.2174;-0.5708;0.2556;0.1373;-0.0145;0.3145;-0.0432;0.0729
1988;-0.3439;-0.7862;-0.3599;0.1446;-0.0085;0.3381;-0.7432;0.071
1989;0.7816;0.7008;0.9451;0.1529;-0.0011;0.358;0.8451;0.0893
1990;-0.0464;-0.4628;0.5846;0.1702;0.0112;0.3786;-0.1482;0.1421
1991;-0.3719;-0.6862;0.8226;0.2026;0.0363;0.4044;-0.1316;0.2188
1992;-0.1229;-0.1208;-0.1509;NA;NA;NA;-0.2266;0.2973
1993;1.2376;0.8242;0.5201;NA;NA;NA;1.3151;0.3555
1994;0.3536;0.6502;0.5111;NA;NA;NA;0.1409;0.4096
1995;0.2986;0.1668;0.3386;NA;NA;NA;0.5551;0.4784
1996;-9e-04;-0.3532;0.0891;NA;NA;NA;-0.2232;0.5438
1997;0.1356;0.0898;0.4136;NA;NA;NA;0.5368;0.5877
1998;0.8996;0.7588;0.6681;NA;NA;NA;1.7868;0.6012
1999;0.5736;0.6053;0.8861;NA;NA;NA;1.4543;0.6005
2000;0.8226;0.3002;0.3976;NA;NA;NA;0.4509;0.6053
2001;0.9511;0.2762;0.9411;NA;NA;NA;0.7259;NA
2002;-0.3689;-0.7272;-0.3814;NA;NA;NA;-0.3182;NA
2003;0.3741;0.1258;-0.1689;NA;NA;NA;0.2701;NA
2004;0.5201;-0.1478;0.3206;NA;NA;NA;0.5393;NA
2005;0.2291;0.0682;-0.0799;NA;NA;NA;0.4651;NA
