Year;Cor reconstruction;Cor & Stat reconstruction;Villalba reconstruction;Cor reconstruction 30yr filtered;Cor & Stat reconstruction 30yr filtered;Villalba reconstruction 30yr filtered;Target SAM (Marshall);Target SAM (Marshall) 30yr filtered
1000;-0.0801;-1.0801;NA;NA;NA;NA;NA;NA
1001;2.9504;2.7384;NA;NA;NA;NA;NA;NA
1002;3.0304;2.8469;NA;NA;NA;NA;NA;NA
1003;4.5729;4.6229;NA;NA;NA;NA;NA;NA
1004;4.1129;4.2179;NA;NA;NA;NA;NA;NA
1005;4.3954;4.5539;NA;NA;NA;NA;NA;NA
1006;5.0879;5.3729;NA;NA;NA;NA;NA;NA
1007;1.8594;1.2874;NA;NA;NA;NA;NA;NA
1008;4.1589;4.2719;NA;NA;NA;NA;NA;NA
1009;1.6679;1.0364;NA;NA;NA;NA;NA;NA
1010;1.3739;0.8569;NA;NA;NA;NA;NA;NA
1011;-0.6891;-1.9211;NA;NA;NA;NA;NA;NA
1012;-1.5111;-2.7591;NA;NA;NA;NA;NA;NA
1013;-5.2521;-7.2511;NA;NA;NA;NA;NA;NA
1014;-1.9616;-3.2331;NA;NA;NA;NA;NA;NA
1015;-0.3441;-1.2361;NA;-0.798;-1.8024;NA;NA;NA
1016;-1.6626;-3.0311;NA;-0.6723;-1.6301;NA;NA;NA
1017;-0.7321;-1.6056;NA;-0.3277;-1.1851;NA;NA;NA
1018;-0.1961;-0.9386;NA;0.0574;-0.6907;NA;NA;NA
1019;1.3439;0.9409;NA;0.3046;-0.3708;NA;NA;NA
1020;3.7574;3.9539;NA;0.5246;-0.0895;NA;NA;NA
1021;1.4424;1.0349;NA;0.8622;0.3343;NA;NA;NA
1022;2.7434;2.6529;NA;1.1907;0.7455;NA;NA;NA
1023;0.1009;-0.4876;NA;1.3833;0.9889;NA;NA;NA
1024;1.6474;1.4374;NA;1.3987;1.0086;NA;NA;NA
1025;2.3504;2.1069;NA;1.3192;0.9047;NA;NA;NA
1026;0.5094;-0.4321;NA;1.2033;0.7561;NA;NA;NA
1027;0.0974;-0.5411;NA;1.1097;0.6416;NA;NA;NA
1028;0.2169;-0.5501;NA;1.007;0.5199;NA;NA;NA
1029;0.6754;0.3269;NA;0.8487;0.3286;NA;NA;NA
1030;-0.2471;-0.8136;NA;0.6709;0.1152;NA;NA;NA
1031;0.2339;-0.5281;NA;0.5094;-0.0728;NA;NA;NA
1032;2.0644;1.7839;NA;0.343;-0.2597;NA;NA;NA
1033;-0.2256;-0.9946;NA;0.1481;-0.4763;NA;NA;NA
1034;0.7029;0.0194;NA;-0.0418;-0.6848;NA;NA;NA
1035;0.5529;0.1514;NA;-0.1936;-0.8478;NA;NA;NA
1036;-0.2201;-0.7286;NA;-0.3439;-1.0055;NA;NA;NA
1037;-0.0666;-0.7761;NA;-0.5224;-1.1918;NA;NA;NA
1038;-0.3991;-0.8811;NA;-0.6854;-1.3591;NA;NA;NA
1039;-1.9651;-2.8301;NA;-0.7893;-1.4599;NA;NA;NA
1040;-0.9166;-1.6006;NA;-0.8633;-1.5254;NA;NA;NA
1041;-2.1701;-3.0576;NA;-0.9437;-1.5951;NA;NA;NA
1042;-1.9211;-2.8646;NA;-0.9971;-1.6336;NA;NA;NA
1043;-2.3641;-3.4751;NA;-0.9898;-1.6056;NA;NA;NA
1044;-0.8201;-1.3996;NA;-0.8823;-1.4686;NA;NA;NA
1045;3.4489;4.1479;NA;-0.6926;-1.2412;NA;NA;NA
1046;-1.4116;-2.0076;NA;-0.4739;-0.9791;NA;NA;NA
1047;-1.3761;-2.1496;NA;-0.2794;-0.7383;NA;NA;NA
1048;1.3154;1.3424;NA;-0.0455;-0.443;NA;NA;NA
1049;-0.5306;-1.0051;NA;0.2718;-0.0466;NA;NA;NA
1050;-0.6066;-1.3356;NA;0.5897;0.3512;NA;NA;NA
1051;-0.0641;-0.5341;NA;0.8258;0.6507;NA;NA;NA
1052;2.5504;2.6329;NA;1.0284;0.9132;NA;NA;NA
1053;0.9549;0.8034;NA;1.2597;1.2139;NA;NA;NA
1054;3.0219;3.2889;NA;1.4577;1.4736;NA;NA;NA
1055;-1.9646;-2.8156;NA;1.56;1.6133;NA;NA;NA
1056;3.8799;4.7914;NA;1.553;1.6192;NA;NA;NA
1057;3.7814;4.7249;NA;1.4854;1.5542;NA;NA;NA
1058;0.1699;-0.2106;NA;1.3885;1.4534;NA;NA;NA
1059;-0.0976;-0.3441;NA;1.2936;1.352;NA;NA;NA
1060;2.1144;2.3434;NA;1.1057;1.1314;NA;NA;NA
1061;3.7059;4.4894;NA;0.8201;0.7887;NA;NA;NA
1062;2.0494;2.1769;NA;0.6045;0.5328;NA;NA;NA
1063;-2.2521;-3.1421;NA;0.4455;0.3464;NA;NA;NA
1064;-1.6611;-2.1441;NA;0.2469;0.1091;NA;NA;NA
1065;-1.4086;-1.8546;NA;0.0513;-0.1258;NA;NA;NA
1066;-0.7111;-1.2796;NA;-0.0985;-0.3047;NA;NA;NA
1067;0.7024;0.5614;NA;-0.1956;-0.4173;NA;NA;NA
1068;-1.3816;-1.9371;NA;-0.2679;-0.4982;NA;NA;NA
1069;1.7979;2.3089;NA;-0.3251;-0.5607;NA;NA;NA
1070;-0.1146;-0.2466;NA;-0.3766;-0.6186;NA;NA;NA
1071;-0.8346;-1.0851;NA;-0.3857;-0.6286;NA;NA;NA
1072;1.1909;1.6089;NA;-0.3403;-0.5746;NA;NA;NA
1073;-0.7691;-1.2121;NA;-0.2864;-0.5102;NA;NA;NA
1074;-0.2411;-0.7216;NA;-0.2703;-0.4892;NA;NA;NA
1075;-0.2561;-0.4176;NA;-0.2975;-0.5219;NA;NA;NA
1076;-1.1566;-1.3971;NA;-0.339;-0.5757;NA;NA;NA
1077;-1.6381;-2.4346;NA;-0.3894;-0.64;NA;NA;NA
1078;-0.5791;-1.0716;NA;-0.4432;-0.7043;NA;NA;NA
1079;1.1019;1.3139;NA;-0.5021;-0.7709;NA;NA;NA
1080;-0.5951;-1.0441;NA;-0.5675;-0.844;NA;NA;NA
1081;-1.5461;-1.9806;NA;-0.6337;-0.9163;NA;NA;NA
1082;-0.1291;0.0624;NA;-0.6944;-0.9806;NA;NA;NA
1083;0.4824;0.5409;NA;-0.7458;-1.0291;NA;NA;NA
1084;-1.4861;-2.1256;NA;-0.7925;-1.0668;NA;NA;NA
1085;-0.8561;-1.0631;NA;-0.8411;-1.1058;NA;NA;NA
1086;-0.0201;-0.0761;NA;-0.8985;-1.1581;NA;NA;NA
1087;-2.1301;-2.6381;NA;-1.0168;-1.2872;NA;NA;NA
1088;-0.7016;-0.9631;NA;-1.196;-1.4908;NA;NA;NA
1089;-2.2946;-2.7501;NA;-1.3649;-1.6822;NA;NA;NA
1090;-2.1921;-2.8426;NA;-1.4523;-1.775;NA;NA;NA
1091;-0.3596;-0.4586;NA;-1.4632;-1.7726;NA;NA;NA
1092;-0.8681;-1.1781;NA;-1.4495;-1.7376;NA;NA;NA
1093;-0.6066;-0.5256;NA;-1.4105;-1.6726;NA;NA;NA
1094;-0.8296;-0.6336;NA;-1.3454;-1.58;NA;NA;NA
1095;-2.6371;-3.3146;NA;-1.2028;-1.3963;NA;NA;NA
1096;-1.8621;-2.1176;NA;-0.9809;-1.1164;NA;NA;NA
1097;-2.7066;-3.3371;NA;-0.7529;-0.8307;NA;NA;NA
1098;-1.4546;-1.6161;NA;-0.5921;-0.6294;NA;NA;NA
1099;-0.7011;-0.8791;NA;-0.4587;-0.4671;NA;NA;NA
1100;1.1879;1.7054;NA;-0.2926;-0.2704;NA;NA;NA
1101;1.6854;1.9899;NA;-0.1364;-0.0869;NA;NA;NA
1102;1.7754;2.5039;NA;-0.0327;0.0357;NA;NA;NA
1103;2.1389;2.6894;NA;0.0305;0.1107;NA;NA;NA
1104;-2.2201;-2.9606;NA;0.0856;0.1747;NA;NA;NA
1105;-0.1391;-0.1206;NA;0.1208;0.2146;NA;NA;NA
1106;-1.5391;-1.7411;NA;0.1241;0.2171;NA;NA;NA
1107;-0.4761;-0.5351;NA;0.0327;0.1041;NA;NA;NA
1108;0.9474;1.3424;NA;-0.1541;-0.1263;NA;NA;NA
1109;-1.2281;-1.5616;NA;-0.3549;-0.3731;NA;NA;NA
1110;0.5424;0.9139;NA;-0.4883;-0.5354;NA;NA;NA
1111;0.3349;0.3249;NA;-0.5417;-0.5997;NA;NA;NA
1112;-1.0271;-1.1246;NA;-0.5704;-0.6344;NA;NA;NA
1113;-2.2621;-2.8676;NA;-0.5943;-0.6612;NA;NA;NA
1114;-0.9046;-0.8321;NA;-0.6337;-0.7018;NA;NA;NA
1115;1.9314;2.7504;NA;-0.6806;-0.7468;NA;NA;NA
1116;-1.9626;-2.5266;NA;-0.7216;-0.7827;NA;NA;NA
1117;-1.4301;-1.7636;NA;-0.7692;-0.8249;NA;NA;NA
1118;-2.7181;-3.5526;NA;-0.8359;-0.8891;NA;NA;NA
1119;1.9939;2.8139;NA;-0.9275;-0.9792;NA;NA;NA
1120;-2.3356;-2.7871;NA;-1.0326;-1.0806;NA;NA;NA
1121;0.9094;1.2764;NA;-1.1382;-1.181;NA;NA;NA
1122;-1.9751;-1.9601;NA;-1.2312;-1.2681;NA;NA;NA
1123;0.3799;1.0904;NA;-1.3289;-1.3524;NA;NA;NA
1124;-2.5511;-2.9531;NA;-1.4392;-1.4436;NA;NA;NA
1125;-2.6681;-3.0396;NA;-1.5358;-1.5288;NA;NA;NA
1126;-1.9146;-2.1071;NA;-1.6303;-1.6238;NA;NA;NA
1127;-2.0641;-2.1766;NA;-1.7384;-1.7373;NA;NA;NA
1128;-3.4221;-3.8986;NA;-1.8404;-1.8463;NA;NA;NA
1129;0.1034;0.8354;NA;-1.9164;-1.9272;NA;NA;NA
1130;-1.2571;-1.1811;NA;-1.9687;-1.9919;NA;NA;NA
1131;-1.6941;-1.4676;NA;-2.0104;-2.056;NA;NA;NA
1132;-2.5926;-2.5736;NA;-2.0381;-2.1027;NA;NA;NA
1133;-1.9991;-2.0461;NA;-2.0484;-2.1153;NA;NA;NA
1134;-2.2566;-2.3861;NA;-2.0512;-2.1054;NA;NA;NA
1135;-3.0796;-3.6996;NA;-2.0505;-2.0876;NA;NA;NA
1136;-1.0096;-0.7361;NA;-2.0334;-2.0491;NA;NA;NA
1137;-2.0511;-2.3351;NA;-1.987;-1.977;NA;NA;NA
1138;-0.5026;-0.0571;NA;-1.9037;-1.8578;NA;NA;NA
1139;-1.8786;-2.0906;NA;-1.7936;-1.7013;NA;NA;NA
1140;-4.8991;-5.5706;NA;-1.6712;-1.5301;NA;NA;NA
1141;-0.8501;-0.3291;NA;-1.5505;-1.3668;NA;NA;NA
1142;-1.1886;-0.5326;NA;-1.3922;-1.1619;NA;NA;NA
1143;-1.0101;-0.6586;NA;-1.1808;-0.8921;NA;NA;NA
1144;-1.3411;-0.8981;NA;-0.967;-0.6192;NA;NA;NA
1145;-1.3581;-0.6691;NA;-0.8012;-0.4053;NA;NA;NA
1146;2.7349;3.5229;NA;-0.6591;-0.2287;NA;NA;NA
1147;-1.4961;-1.2241;NA;-0.5015;-0.0429;NA;NA;NA
1148;-0.8021;-0.6626;NA;-0.3568;0.1278;NA;NA;NA
1149;-0.9096;-0.6351;NA;-0.2532;0.2588;NA;NA;NA
1150;0.0184;0.4884;NA;-0.217;0.3192;NA;NA;NA
1151;-1.1311;-0.6926;NA;-0.2296;0.3237;NA;NA;NA
1152;0.2629;0.9289;NA;-0.2527;0.3168;NA;NA;NA
1153;2.4489;3.3524;NA;-0.2477;0.3428;NA;NA;NA
1154;-0.9066;-0.4376;NA;-0.2171;0.4095;NA;NA;NA
1155;0.1334;0.8839;NA;-0.1908;0.4841;NA;NA;NA
1156;-1.2751;-0.5026;NA;-0.1712;0.5503;NA;NA;NA
1157;-2.5886;-2.0806;NA;-0.1606;0.592;NA;NA;NA
1158;0.0694;0.6349;NA;-0.1577;0.6092;NA;NA;NA
1159;-1.0146;-0.0756;NA;-0.1598;0.6145;NA;NA;NA
1160;1.0794;2.1364;NA;-0.1674;0.6106;NA;NA;NA
1161;1.1169;1.9959;NA;-0.1808;0.6001;NA;NA;NA
1162;0.5709;1.3909;NA;-0.1842;0.5943;NA;NA;NA
1163;0.3814;1.3479;NA;-0.1739;0.594;NA;NA;NA
1164;-0.4201;0.3134;NA;-0.1691;0.5864;NA;NA;NA
1165;-1.2641;-0.8381;NA;-0.1889;0.559;NA;NA;NA
1166;-0.9851;-0.4636;NA;-0.257;0.4851;NA;NA;NA
1167;0.2669;1.1639;NA;-0.3644;0.3682;NA;NA;NA
1168;-0.4451;0.1564;NA;-0.4808;0.241;NA;NA;NA
1169;-1.1186;-0.5761;NA;-0.5759;0.136;NA;NA;NA
1170;-0.9591;-0.3516;NA;-0.6816;0.0169;NA;NA;NA
1171;0.6374;1.6414;NA;-0.8206;-0.1399;NA;NA;NA
1172;-1.1131;-0.3146;NA;-0.9485;-0.2831;NA;NA;NA
1173;-1.3721;-0.6481;NA;-1.0207;-0.3612;NA;NA;NA
1174;0.1769;0.9964;NA;-1.0308;-0.3665;NA;NA;NA
1175;-1.4096;-0.6336;NA;-1.0121;-0.3376;NA;NA;NA
1176;-1.9151;-1.2971;NA;-0.98;-0.2932;NA;NA;NA
1177;-1.8116;-1.4341;NA;-0.9501;-0.252;NA;NA;NA
1178;-1.3591;-0.7761;NA;-0.8862;-0.1747;NA;NA;NA
1179;-0.9031;-0.3706;NA;-0.7749;-0.0457;NA;NA;NA
1180;-0.4591;0.0379;NA;-0.6657;0.0808;NA;NA;NA
1181;-0.1016;0.8164;NA;-0.6083;0.1505;NA;NA;NA
1182;-1.9526;-1.2536;NA;-0.5832;0.1868;NA;NA;NA
1183;2.0469;3.2949;NA;-0.5486;0.2362;NA;NA;NA
1184;-1.5896;-0.7041;NA;-0.5207;0.2792;NA;NA;NA
1185;0.8634;2.0044;NA;-0.5154;0.2965;NA;NA;NA
1186;-0.0796;0.8114;NA;-0.5553;0.2642;NA;NA;NA
1187;0.2649;1.0264;NA;-0.6253;0.1999;NA;NA;NA
1188;-1.1076;-0.5431;NA;-0.6847;0.1462;NA;NA;NA
1189;-2.2596;-1.6711;NA;-0.7564;0.0747;NA;NA;NA
1190;-1.1776;-0.3596;NA;-0.8671;-0.0437;NA;NA;NA
1191;-3.1931;-2.5831;NA;-0.9823;-0.1676;NA;NA;NA
1192;-0.9771;-0.1341;NA;-1.0672;-0.2556;NA;NA;NA
1193;1.5499;2.5424;NA;-1.1139;-0.2932;NA;NA;NA
1194;-2.0771;-1.2851;NA;-1.1453;-0.3073;NA;NA;NA
1195;-0.3206;0.6704;NA;-1.1736;-0.3187;NA;NA;NA
1196;-2.5716;-1.9386;NA;-1.2109;-0.3477;NA;NA;NA
1197;-1.1111;-0.1026;NA;-1.2332;-0.3696;NA;NA;NA
1198;0.5149;1.7244;NA;-1.2288;-0.3666;NA;NA;NA
1199;-1.4266;-0.7111;NA;-1.2288;-0.3694;NA;NA;NA
1200;-1.8826;-1.1506;NA;-1.2641;-0.4089;NA;NA;NA
1201;-3.2626;-2.4256;NA;-1.3576;-0.5165;NA;NA;NA
1202;0.8454;1.9979;NA;-1.4895;-0.6737;NA;NA;NA
1203;0.1859;1.0079;NA;-1.6267;-0.8357;NA;NA;NA
1204;-4.1571;-3.5526;NA;-1.7362;-0.958;NA;NA;NA
1205;-4.5166;-4.0431;NA;-1.8025;-1.0246;NA;NA;NA
1206;-0.3401;0.3524;NA;-1.8487;-1.0676;NA;NA;NA
1207;1.2709;2.0989;NA;-1.9001;-1.1141;NA;NA;NA
1208;-2.5226;-1.5971;NA;-1.9818;-1.1915;NA;NA;NA
1209;-3.4611;-2.7846;NA;-2.1043;-1.3052;NA;NA;NA
1210;-4.2416;-3.5486;NA;-2.2496;-1.4349;NA;NA;NA
1211;-1.1731;-0.2151;NA;-2.3996;-1.5685;NA;NA;NA
1212;-2.8086;-1.9726;NA;-2.5366;-1.6942;NA;NA;NA
1213;-2.2711;-1.3521;NA;-2.7065;-1.8557;NA;NA;NA
1214;-1.5681;-0.3936;NA;-2.9246;-2.0637;NA;NA;NA
1215;-0.9596;0.1204;NA;-3.1273;-2.2565;NA;NA;NA
1216;-3.6051;-2.9861;NA;-3.2509;-2.3728;NA;NA;NA
1217;-4.6511;-3.9661;NA;-3.2909;-2.4119;NA;NA;NA
1218;-3.1851;-2.3361;NA;-3.2966;-2.4226;NA;NA;NA
1219;-4.6161;-3.6426;NA;-3.2849;-2.4164;NA;NA;NA
1220;-5.8461;-5.1026;NA;-3.2725;-2.4049;NA;NA;NA
1221;-3.7151;-2.9116;NA;-3.2115;-2.3398;NA;NA;NA
1222;-3.8271;-3.2301;NA;-3.0862;-2.2091;NA;NA;NA
1223;-1.0566;0.2209;NA;-2.9619;-2.0792;NA;NA;NA
1224;-2.1041;-1.1016;NA;-2.9039;-2.0165;NA;NA;NA
1225;-1.1376;-0.1786;NA;-2.8915;-1.9969;NA;NA;NA
1226;-3.3131;-2.5246;NA;-2.869;-1.9631;NA;NA;NA
1227;-3.0601;-2.3611;NA;-2.8486;-1.9316;NA;NA;NA
1228;-1.2276;-0.3411;NA;-2.8423;-1.919;NA;NA;NA
1229;-2.6026;-1.4911;NA;-2.924;-2.0007;NA;NA;NA
1230;-2.3381;-1.2271;NA;-3.0965;-2.1767;NA;NA;NA
1231;-2.7561;-1.8061;NA;-3.2657;-2.3502;NA;NA;NA
1232;-5.9751;-5.2831;NA;-3.3372;-2.4244;NA;NA;NA
1233;-4.3181;-3.4426;NA;-3.3051;-2.3907;NA;NA;NA
1234;-4.5871;-3.7061;NA;-3.2403;-2.3216;NA;NA;NA
1235;-4.0826;-3.1291;NA;-3.1631;-2.2419;NA;NA;NA
1236;-2.4661;-1.5546;NA;-3.0943;-2.1764;NA;NA;NA
1237;-2.6161;-1.8101;NA;-2.9716;-2.0632;NA;NA;NA
1238;-2.5921;-1.5911;NA;-2.77;-1.8742;NA;NA;NA
1239;-2.6116;-1.7546;NA;-2.5658;-1.6846;NA;NA;NA
1240;-1.8551;-0.9756;NA;-2.4356;-1.5695;NA;NA;NA
1241;-1.7371;-0.9361;NA;-2.3772;-1.5317;NA;NA;NA
1242;0.0119;1.2849;NA;-2.3329;-1.5147;NA;NA;NA
1243;-2.0811;-1.2916;NA;-2.2955;-1.5044;NA;NA;NA
1244;-1.9176;-1.2531;NA;-2.2579;-1.4864;NA;NA;NA
1245;-3.1171;-2.4876;NA;-2.2375;-1.4816;NA;NA;NA
1246;-3.5881;-2.9031;NA;-2.248;-1.5094;NA;NA;NA
1247;-3.5061;-2.9946;NA;-2.2765;-1.554;NA;NA;NA
1248;-3.0031;-2.2516;NA;-2.3098;-1.5995;NA;NA;NA
1249;-2.3311;-1.6066;NA;-2.3522;-1.6479;NA;NA;NA
1250;-2.8091;-2.1676;NA;-2.4077;-1.7057;NA;NA;NA
1251;-2.3216;-1.6046;NA;-2.4631;-1.764;NA;NA;NA
1252;-2.7871;-2.1861;NA;-2.5067;-1.8077;NA;NA;NA
1253;-0.1271;0.6374;NA;-2.5412;-1.8366;NA;NA;NA
1254;-0.3986;0.4754;NA;-2.5759;-1.8644;NA;NA;NA
1255;-1.9051;-0.9011;NA;-2.6199;-1.9045;NA;NA;NA
1256;-3.7446;-3.0601;NA;-2.7203;-2.0051;NA;NA;NA
1257;-3.1671;-2.3686;NA;-2.8783;-2.165;NA;NA;NA
1258;-6.5011;-6.2556;NA;-3.0347;-2.3232;NA;NA;NA
1259;-3.3321;-2.6261;NA;-3.1302;-2.419;NA;NA;NA
1260;-1.8971;-1.0856;NA;-3.2092;-2.5018;NA;NA;NA
1261;-3.1326;-2.4036;NA;-3.3192;-2.6206;NA;NA;NA
1262;-0.6531;0.2149;NA;-3.4053;-2.7141;NA;NA;NA
1263;-6.5081;-6.0531;NA;-3.4128;-2.7208;NA;NA;NA
1264;-4.3266;-3.8171;NA;-3.3201;-2.619;NA;NA;NA
1265;-1.5591;-0.5941;NA;-3.1623;-2.448;NA;NA;NA
1266;-2.1476;-1.1831;NA;-2.9692;-2.2384;NA;NA;NA
1267;-3.5491;-2.8701;NA;-2.7706;-2.0207;NA;NA;NA
1268;-3.6991;-3.1321;NA;-2.5309;-1.7544;NA;NA;NA
1269;-1.4691;-0.5016;NA;-2.2285;-1.4175;NA;NA;NA
1270;-1.4491;-0.8041;NA;-1.9145;-1.0682;NA;NA;NA
1271;-2.7156;-2.1181;NA;-1.6403;-0.765;NA;NA;NA
1272;-1.1466;-0.0951;NA;-1.3505;-0.4467;NA;NA;NA
1273;-1.5836;-0.6036;NA;-1.0004;-0.0628;NA;NA;NA
1274;-1.2561;-0.2461;NA;-0.6573;0.3128;NA;NA;NA
1275;-0.1296;0.9619;NA;-0.3885;0.6062;NA;NA;NA
1276;2.8384;4.0754;NA;-0.1576;0.8553;NA;NA;NA
1277;-1.0521;-0.0551;NA;0.0875;1.1171;NA;NA;NA
1278;0.5099;1.5024;NA;0.3028;1.3469;NA;NA;NA
1279;0.4469;1.5064;NA;0.4445;1.4998;NA;NA;NA
1280;-0.0016;0.9749;NA;0.4886;1.5454;NA;NA;NA
1281;1.2749;2.4479;NA;0.4645;1.5127;NA;NA;NA
1282;-1.1921;-0.2676;NA;0.4084;1.4464;NA;NA;NA
1283;0.5474;1.5939;NA;0.3564;1.3911;NA;NA;NA
1284;1.5234;2.5304;NA;0.2525;1.2895;NA;NA;NA
1285;0.2489;1.1684;NA;0.0651;1.1037;NA;NA;NA
1286;0.6079;1.7579;NA;-0.1331;0.9073;NA;NA;NA
1287;0.4624;1.5284;NA;-0.2692;0.7743;NA;NA;NA
1288;-2.8636;-1.9496;NA;-0.3904;0.6575;NA;NA;NA
1289;-0.0276;1.0704;NA;-0.5542;0.4993;NA;NA;NA
1290;-0.8521;0.2159;NA;-0.7028;0.3572;NA;NA;NA
1291;-1.2241;-0.1816;NA;-0.7784;0.2885;NA;NA;NA
1292;-0.4801;0.7154;NA;-0.7741;0.3024;NA;NA;NA
1293;-1.0801;0.0669;NA;-0.7325;0.357;NA;NA;NA
1294;-0.1326;1.0694;NA;-0.6695;0.4329;NA;NA;NA
1295;-1.0001;0.0139;NA;-0.6015;0.5105;NA;NA;NA
1296;-0.8806;0.0274;NA;-0.4718;0.6523;NA;NA;NA
1297;-1.7066;-0.6541;NA;-0.2624;0.8791;NA;NA;NA
1298;0.6969;1.8429;NA;-0.0473;1.1087;NA;NA;NA
1299;0.4629;1.7589;NA;0.0995;1.2589;NA;NA;NA
1300;0.2214;1.1854;NA;0.2139;1.3658;NA;NA;NA
1301;1.4244;2.7264;NA;0.3542;1.4941;NA;NA;NA
1302;0.7064;1.9719;NA;0.4796;1.6042;NA;NA;NA
1303;0.3449;1.4864;NA;0.5493;1.6566;NA;NA;NA
1304;1.6054;2.8329;NA;0.5646;1.646;NA;NA;NA
1305;0.0699;1.1249;NA;0.554;1.5997;NA;NA;NA
1306;-0.9061;0.1784;NA;0.5182;1.5266;NA;NA;NA
1307;1.2019;2.1859;NA;0.4576;1.4359;NA;NA;NA
1308;0.3729;1.2254;NA;0.3507;1.2981;NA;NA;NA
1309;-0.8156;-0.1746;NA;0.1945;1.1027;NA;NA;NA
1310;0.4059;1.2599;NA;0.0166;0.8867;NA;NA;NA
1311;1.1179;1.8269;NA;-0.155;0.6874;NA;NA;NA
1312;-0.3536;0.4074;NA;-0.3579;0.4683;NA;NA;NA
1313;-0.2056;0.8254;NA;-0.601;0.2134;NA;NA;NA
1314;-1.3046;-0.3676;NA;-0.8134;-0.009;NA;NA;NA
1315;-2.4581;-1.7746;NA;-1.0287;-0.2263;NA;NA;NA
1316;-0.7576;-0.0101;NA;-1.2906;-0.4798;NA;NA;NA
1317;0.1739;1.1434;NA;-1.5437;-0.723;NA;NA;NA
1318;-1.8636;-1.0626;NA;-1.7327;-0.9091;NA;NA;NA
1319;-2.0526;-1.2931;NA;-1.9038;-1.0869;NA;NA;NA
1320;-2.3391;-1.4041;NA;-2.101;-1.2941;NA;NA;NA
1321;-4.2376;-3.6396;NA;-2.2654;-1.4678;NA;NA;NA
1322;-2.1266;-1.1796;NA;-2.338;-1.5453;NA;NA;NA
1323;-1.8206;-0.9266;NA;-2.2983;-1.5079;NA;NA;NA
1324;-1.5056;-0.7501;NA;-2.1879;-1.4002;NA;NA;NA
1325;-2.2011;-1.4506;NA;-2.041;-1.2543;NA;NA;NA
1326;-1.5231;-0.6371;NA;-1.8918;-1.1025;NA;NA;NA
1327;-2.1591;-1.4351;NA;-1.6709;-0.8756;NA;NA;NA
1328;-4.0246;-3.5866;NA;-1.3474;-0.5442;NA;NA;NA
1329;-1.3641;-0.5126;NA;-1.0135;-0.2009;NA;NA;NA
1330;0.8809;1.8344;NA;-0.7615;0.0621;NA;NA;NA
1331;0.1954;0.9709;NA;-0.542;0.2971;NA;NA;NA
1332;-0.2976;0.7329;NA;-0.2811;0.5787;NA;NA;NA
1333;0.3729;1.3074;NA;-0.0341;0.848;NA;NA;NA
1334;0.1789;1.0549;NA;0.1436;1.0458;NA;NA;NA
1335;1.9544;3.0239;NA;0.2678;1.192;NA;NA;NA
1336;1.1489;2.0104;NA;0.3782;1.3292;NA;NA;NA
1337;-0.8851;-0.0036;NA;0.4556;1.4325;NA;NA;NA
1338;-1.3501;-0.5696;NA;0.4807;1.4771;NA;NA;NA
1339;0.1109;1.1629;NA;0.3895;1.3975;NA;NA;NA
1340;-0.8036;0.1334;NA;0.1908;1.2065;NA;NA;NA
1341;1.1114;2.2879;NA;-0.0251;0.9971;NA;NA;NA
1342;2.6379;3.9499;NA;-0.1683;0.8619;NA;NA;NA
1343;0.4959;1.5504;NA;-0.2541;0.7887;NA;NA;NA
1344;0.4554;1.6224;NA;-0.35;0.7082;NA;NA;NA
1345;-2.6666;-1.8491;NA;-0.4439;0.6282;NA;NA;NA
1346;-2.3736;-1.4591;NA;-0.5241;0.5563;NA;NA;NA
1347;-1.2996;-0.2126;NA;-0.5827;0.5005;NA;NA;NA
1348;-0.5901;0.4989;NA;-0.629;0.4542;NA;NA;NA
1349;-0.6871;0.3984;NA;-0.6773;0.4031;NA;NA;NA
1350;-0.6611;0.3999;NA;-0.7416;0.3329;NA;NA;NA
1351;-0.7941;0.2839;NA;-0.8052;0.2555;NA;NA;NA
1352;0.4834;1.6389;NA;-0.8525;0.1868;NA;NA;NA
1353;-0.0971;1.0019;NA;-0.8997;0.1182;NA;NA;NA
1354;-0.7891;0.3994;NA;-0.9628;0.0409;NA;NA;NA
1355;-1.3761;-0.3326;NA;-1.0659;-0.0749;NA;NA;NA
1356;-1.6481;-0.8081;NA;-1.2008;-0.2277;NA;NA;NA
1357;-0.9766;-0.0821;NA;-1.3355;-0.3784;NA;NA;NA
1358;-1.4241;-0.5631;NA;-1.4381;-0.4879;NA;NA;NA
1359;-0.5376;0.4994;NA;-1.5159;-0.5589;NA;NA;NA
1360;-1.4581;-0.7811;NA;-1.5945;-0.6222;NA;NA;NA
1361;-4.4901;-3.7581;NA;-1.6702;-0.6817;NA;NA;NA
1362;-2.5551;-1.5271;NA;-1.739;-0.741;NA;NA;NA
1363;-1.5931;-0.4606;NA;-1.7752;-0.7658;NA;NA;NA
1364;-1.4116;-0.2856;NA;-1.7779;-0.7482;NA;NA;NA
1365;-1.8786;-0.9216;NA;-1.7799;-0.7309;NA;NA;NA
1366;-0.9071;0.3219;NA;-1.8145;-0.7571;NA;NA;NA
1367;-0.1281;1.3109;NA;-1.9051;-0.853;NA;NA;NA
1368;-2.6796;-1.6136;NA;-2.0268;-0.9871;NA;NA;NA
1369;-2.3161;-1.2906;NA;-2.1405;-1.1149;NA;NA;NA
1370;-1.2476;-0.2466;NA;-2.2067;-1.1919;NA;NA;NA
1371;-0.8141;0.1574;NA;-2.2665;-1.2683;NA;NA;NA
1372;-3.0026;-2.2916;NA;-2.3566;-1.3861;NA;NA;NA
1373;-4.1326;-3.2696;NA;-2.4315;-1.4887;NA;NA;NA
1374;-3.3996;-2.4451;NA;-2.4457;-1.5198;NA;NA;NA
1375;-3.1301;-2.3371;NA;-2.3832;-1.4627;NA;NA;NA
1376;-2.4311;-1.4986;NA;-2.2831;-1.3649;NA;NA;NA
1377;-2.4296;-1.5056;NA;-2.1829;-1.2659;NA;NA;NA
1378;-2.6186;-1.8086;NA;-1.9965;-1.0726;NA;NA;NA
1379;-0.9551;0.2564;NA;-1.6925;-0.7512;NA;NA;NA
1380;-0.5296;0.3869;NA;-1.3903;-0.4304;NA;NA;NA
1381;-0.6756;0.3074;NA;-1.2096;-0.2385;NA;NA;NA
1382;-0.8506;0.2409;NA;-1.1208;-0.1446;NA;NA;NA
1383;-1.5001;-0.5986;NA;-1.033;-0.0514;NA;NA;NA
1384;-0.4646;0.6269;NA;-0.9739;0.0119;NA;NA;NA
1385;-0.5641;0.3839;NA;-0.9709;0.016;NA;NA;NA
1386;-1.6331;-0.7396;NA;-1.1077;-0.1271;NA;NA;NA
1387;-0.1541;0.7054;NA;-1.3717;-0.4041;NA;NA;NA
1388;-1.2816;-0.2411;NA;-1.6465;-0.6923;NA;NA;NA
1389;-0.1811;0.8284;NA;-1.8154;-0.8687;NA;NA;NA
1390;-2.7116;-1.6601;NA;-1.9137;-0.9695;NA;NA;NA
1391;-3.7671;-2.8776;NA;-2.033;-1.0912;NA;NA;NA
1392;-3.3021;-2.3791;NA;-2.1415;-1.2009;NA;NA;NA
1393;-2.5831;-1.6391;NA;-2.2075;-1.2661;NA;NA;NA
1394;-3.5591;-2.8171;NA;-2.21;-1.2636;NA;NA;NA
1395;-2.5251;-1.5256;NA;-2.1687;-1.2139;NA;NA;NA
1396;-1.9981;-1.1016;NA;-2.1134;-1.1499;NA;NA;NA
1397;-1.4071;-0.3666;NA;-2.0738;-1.1042;NA;NA;NA
1398;0.6654;1.6274;NA;-1.9987;-1.0218;NA;NA;NA
1399;-1.6106;-0.6151;NA;-1.8582;-0.8702;NA;NA;NA
1400;-1.6196;-0.5326;NA;-1.7148;-0.7164;NA;NA;NA
1401;-2.4486;-1.4866;NA;-1.6307;-0.6273;NA;NA;NA
1402;-1.5446;-0.3786;NA;-1.6324;-0.6286;NA;NA;NA
1403;-1.6441;-0.6666;NA;-1.6804;-0.6776;NA;NA;NA
1404;-2.1196;-1.1176;NA;-1.7384;-0.7384;NA;NA;NA
1405;-2.3836;-1.5326;NA;-1.7698;-0.7748;NA;NA;NA
1406;-1.3841;-0.4666;NA;-1.8091;-0.8256;NA;NA;NA
1407;-2.6266;-1.6136;NA;-1.8844;-0.9189;NA;NA;NA
1408;-0.9686;0.1374;NA;-1.95;-1.0032;NA;NA;NA
1409;-1.2016;-0.1476;NA;-1.9603;-1.027;NA;NA;NA
1410;-1.3781;-0.5681;-2.8628;-1.8882;-0.9595;NA;NA;NA
1411;-3.0721;-2.2491;-4.1393;-1.7655;-0.8366;NA;NA;NA
1412;-2.8206;-1.9396;-1.7158;-1.6349;-0.7067;NA;NA;NA
1413;-1.3246;-0.4496;-0.2993;-1.5394;-0.6182;NA;NA;NA
1414;-1.6286;-0.7906;-3.2063;-1.4419;-0.5232;NA;NA;NA
1415;-1.6081;-0.7561;-2.2513;-1.308;-0.3824;NA;NA;NA
1416;-1.6581;-0.6681;-2.6573;-1.1843;-0.2573;NA;NA;NA
1417;-0.5891;0.2179;-0.8648;-1.1173;-0.2091;NA;NA;NA
1418;0.8844;1.8279;0.5007;-1.1096;-0.2447;NA;NA;NA
1419;-1.0951;-0.0951;-0.4133;-1.1245;-0.3161;NA;NA;NA
1420;-1.6491;-0.8381;-1.5758;-1.1496;-0.4025;NA;NA;NA
1421;-0.4786;0.3764;-1.0493;-1.1724;-0.483;NA;NA;NA
1422;-1.1101;-0.3241;-0.8143;-1.2325;-0.6203;NA;NA;NA
1423;-1.1796;-0.2501;-1.2963;-1.3457;-0.8389;NA;NA;NA
1424;-1.9056;-1.6206;-4.6473;-1.4643;-1.0602;NA;NA;NA
1425;-1.0131;-0.8761;-0.5028;-1.5403;-1.2061;-2.5859;NA;NA
1426;-2.5136;-2.3701;-3.9378;-1.5946;-1.3108;-2.8168;NA;NA
1427;-3.3656;-3.5066;-5.3343;-1.6642;-1.4358;-3.0336;NA;NA
1428;-1.7796;-1.7596;-4.1168;-1.7255;-1.543;-3.1722;NA;NA
1429;-1.5181;-1.4006;-4.1738;-1.7548;-1.5941;-3.2006;NA;NA
1430;-2.0221;-2.1141;-3.9873;-1.7367;-1.5519;-3.1507;NA;NA
1431;-0.7551;-0.4451;-1.1213;-1.6849;-1.438;-3.0537;NA;NA
1432;0.0574;0.2749;0.2302;-1.6188;-1.303;-2.9408;NA;NA
1433;-1.5066;-1.0266;-2.0148;-1.558;-1.1974;-2.8432;NA;NA
1434;-2.8441;-2.4821;-5.0853;-1.4703;-1.0581;-2.7273;NA;NA
1435;-1.2036;-0.4846;-2.3303;-1.3395;-0.8433;-2.5635;NA;NA
1436;-1.2596;-0.6261;-3.2833;-1.2097;-0.6349;-2.3893;NA;NA
1437;-1.7376;-1.2601;-3.1008;-1.1246;-0.5151;-2.2421;NA;NA
1438;-1.0856;-0.2216;-2.4678;-1.0696;-0.4657;-2.1594;NA;NA
1439;-1.2946;-0.5831;-1.7003;-1.0168;-0.4303;-2.129;NA;NA
1440;-0.3976;0.4124;0.4842;-0.99;-0.4343;-2.114;NA;NA
1441;-2.1466;-1.5861;-2.9813;-1.0028;-0.5147;-2.1147;NA;NA
1442;0.2744;0.6354;-1.5073;-1.0399;-0.6583;-2.1314;NA;NA
1443;-0.4876;-0.0651;-2.9783;-1.0818;-0.8147;-2.1643;NA;NA
1444;-0.7326;-0.7346;-2.1823;-1.1092;-0.9336;-2.2614;NA;NA
1445;-0.6721;-0.6191;-2.4978;-1.1574;-1.0812;-2.4292;NA;NA
1446;-0.8426;-1.1096;-3.4933;-1.2456;-1.3022;-2.6065;NA;NA
1447;-1.6816;-1.9491;-2.6843;-1.3307;-1.5142;-2.7317;NA;NA
1448;-1.5981;-1.5716;-0.4088;-1.3699;-1.6346;-2.7977;NA;NA
1449;-3.0541;-3.3686;-4.1303;-1.3613;-1.6626;-2.843;NA;NA
1450;-1.7651;-2.2681;-3.0408;-1.3381;-1.6605;-2.8756;NA;NA
1451;-1.8591;-2.3601;-3.2683;-1.3093;-1.6404;-2.9034;NA;NA
1452;-1.8726;-2.5261;-4.0413;-1.284;-1.6145;-2.934;NA;NA
1453;1.0429;0.6469;-1.7158;-1.2121;-1.5122;-2.9447;NA;NA
1454;-1.6461;-2.1486;-4.9628;-1.0802;-1.3154;-2.9268;NA;NA
1455;-1.6776;-1.9041;-4.2453;-0.952;-1.1153;-2.9095;NA;NA
1456;-0.8986;-0.6896;-2.6713;-0.8912;-1.0029;-2.922;NA;NA
1457;-0.4006;-0.1361;-1.1933;-0.8803;-0.949;-2.9935;NA;NA
1458;0.7779;0.9939;0.2442;-0.87;-0.8826;-3.123;NA;NA
1459;-1.4801;-1.3021;-2.9618;-0.8769;-0.8324;-3.2823;NA;NA
1460;-0.2951;-0.2486;-3.2953;-0.9175;-0.827;-3.4601;NA;NA
1461;-0.7761;-0.5986;-5.9408;-1.001;-0.8785;-3.645;NA;NA
1462;-1.6286;-1.3781;-2.5843;-1.1193;-0.9707;-3.8256;NA;NA
1463;-2.5256;-2.5111;-6.5838;-1.263;-1.0906;-4.0378;NA;NA
1464;-0.8616;-1.1221;-4.2843;-1.4226;-1.2249;-4.3008;NA;NA
1465;-2.0181;-1.2066;-4.2293;-1.6459;-1.4212;-4.5777;NA;NA
1466;-2.4311;-2.3766;-6.4348;-1.9423;-1.6923;-4.8315;NA;NA
1467;-2.6271;-2.8286;-5.4228;-2.2456;-1.9729;-5.0759;NA;NA
1468;-1.0086;-1.3471;-3.9873;-2.4893;-2.1976;-5.3331;NA;NA
1469;-2.0676;-1.2186;-2.8233;-2.7545;-2.4313;-5.579;NA;NA
1470;-1.7926;-0.9381;-5.0013;-3.0686;-2.7034;-5.7893;NA;NA
1471;-3.0676;-3.0421;-6.0418;-3.2849;-2.8963;-5.9399;NA;NA
1472;-3.2681;-2.4886;-6.0083;-3.3953;-3.0047;-6.0657;NA;NA
1473;-4.8561;-4.3551;-8.0608;-3.4847;-3.0972;-6.1967;NA;NA
1474;-4.5751;-3.7971;-7.2468;-3.5452;-3.1672;-6.3013;NA;NA
1475;-4.6156;-4.6651;-7.6483;-3.569;-3.2081;-6.3477;NA;NA
1476;-4.4866;-4.4736;-6.7103;-3.5079;-3.188;-6.2984;NA;NA
1477;-4.2566;-4.1841;-6.5478;-3.3625;-3.1089;-6.1641;NA;NA
1478;-3.5716;-2.6426;-4.9793;-3.1988;-3.0148;-5.9858;NA;NA
1479;-1.9071;-1.6816;-4.8958;-3.0824;-2.9498;-5.8042;NA;NA
1480;-2.6446;-2.4506;-6.9923;-2.9603;-2.8693;-5.6602;NA;NA
1481;-0.4556;-1.3776;-3.4743;-2.7747;-2.732;-5.5188;NA;NA
1482;-2.0336;-1.3911;-5.0978;-2.5848;-2.5874;-5.3427;NA;NA
1483;-2.7961;-3.1036;-5.9228;-2.45;-2.4848;-5.1692;NA;NA
1484;-1.3331;-2.1166;-3.2738;-2.3891;-2.4339;-5.0357;NA;NA
1485;-2.4781;-2.5276;-5.8138;-2.3641;-2.4034;-4.9666;NA;NA
1486;-4.0616;-2.7591;-6.4618;-2.349;-2.3818;-4.9424;NA;NA
1487;-2.1296;-2.8371;-4.3128;-2.3175;-2.3574;-4.9346;NA;NA
1488;-2.1461;-2.7201;-3.7273;-2.2888;-2.3475;-4.915;NA;NA
1489;-1.7756;-2.2481;-4.7963;-2.286;-2.3632;-4.855;NA;NA
1490;-4.0986;-3.4216;-6.4098;-2.2887;-2.3829;-4.7471;NA;NA
1491;-3.9496;-3.1901;-6.0143;-2.2763;-2.3855;-4.612;NA;NA
1492;-1.7076;-1.9571;-3.7693;-2.2157;-2.3456;-4.4636;NA;NA
1493;-1.8086;-1.9286;-4.9533;-2.115;-2.2739;-4.3161;NA;NA
1494;-0.7191;-0.7726;-3.4743;-2.0155;-2.2023;-4.1834;NA;NA
1495;0.3369;-0.3301;-1.5713;-1.9587;-2.163;-4.0221;NA;NA
1496;-2.1401;-2.8736;-4.2708;-1.9305;-2.1532;-3.8117;NA;NA
1497;-2.4916;-3.1026;-4.8593;-1.9005;-2.1503;-3.601;NA;NA
1498;-2.2406;-2.2726;-3.8023;-1.8858;-2.1571;-3.4383;NA;NA
1499;-3.3601;-3.4636;-3.9588;-1.9038;-2.1764;-3.3724;NA;NA
1500;-3.0716;-3.4851;-3.8178;-2.0056;-2.2528;-3.4537;NA;NA
1501;-0.2016;0.3139;-2.2313;-2.1667;-2.3743;-3.6425;NA;NA
1502;-2.5456;-2.5246;-2.9673;-2.2908;-2.4586;-3.8518;NA;NA
1503;-1.8811;-2.5161;-3.1303;-2.4092;-2.5149;-3.9946;NA;NA
1504;-1.3621;-1.8346;-2.9778;-2.5767;-2.5882;-4.107;NA;NA
1505;-2.8121;-2.8396;-4.6328;-2.7319;-2.6496;-4.2593;NA;NA
1506;-4.4286;-3.9366;-5.9243;-2.8133;-2.6703;-4.4155;NA;NA
1507;-2.3186;-2.4101;-4.1993;-2.8287;-2.6512;-4.5395;NA;NA
1508;-3.5826;-3.2321;-6.1138;-2.8258;-2.6152;-4.5953;NA;NA
1509;-1.4691;-1.0006;-4.7003;-2.8028;-2.5666;-4.5699;NA;NA
1510;-4.1026;-3.9651;-7.1008;-2.7582;-2.5098;-4.4953;NA;NA
1511;-4.1726;-3.4136;-5.2923;-2.6377;-2.3916;-4.4027;NA;NA
1512;-1.5341;-1.1261;-1.7693;-2.4379;-2.2039;-4.3231;NA;NA
1513;-3.2486;-2.8231;-3.3828;-2.2334;-2.0187;-4.1927;NA;NA
1514;-1.7146;-1.6866;-2.2988;-2.0988;-1.9081;-3.9728;NA;NA
1515;-1.3481;-1.6771;-4.1933;-2.0096;-1.8631;-3.7327;NA;NA
1516;-2.0896;-2.1671;-4.6098;-1.906;-1.8281;-3.5414;NA;NA
1517;-0.1121;0.1099;-1.8163;-1.8102;-1.8059;-3.4681;NA;NA
1518;-2.4741;-2.7091;-5.1188;-1.7443;-1.7991;-3.5849;NA;NA
1519;-1.2041;-1.4071;-3.7163;-1.7481;-1.8594;-3.8369;NA;NA
1520;-0.1171;-0.3181;-3.3143;-1.8095;-1.989;-4.1027;NA;NA
1521;-1.5191;-1.4691;-3.0243;-1.8727;-2.117;-4.2612;NA;NA
1522;-1.7411;-1.7916;-3.6838;-1.8821;-2.1722;-4.3178;NA;NA
1523;-3.9916;-4.3531;-5.4913;-1.84;-2.1603;-4.3594;NA;NA
1524;-2.4621;-2.9666;-4.3003;-1.7915;-2.138;-4.3858;NA;NA
1525;-2.3046;-2.6066;-5.6998;-1.7457;-2.1115;-4.397;NA;NA
1526;-3.4521;-3.8941;-7.0488;-1.7115;-2.0869;-4.393;NA;NA
1527;-2.3881;-2.8686;-5.7478;-1.6503;-2.0257;-4.3348;NA;NA
1528;-0.9501;-1.4166;-3.1693;-1.5487;-1.9168;-4.215;NA;NA
1529;-0.3641;-0.9651;-3.1618;-1.4534;-1.8076;-4.0801;NA;NA
1530;-0.1731;-0.5231;-3.9858;-1.4112;-1.7454;-3.9767;NA;NA
1531;0.1434;-0.1251;-2.1983;-1.4081;-1.7056;-3.9516;NA;NA
1532;-1.7361;-1.7561;-2.9703;-1.4066;-1.6484;-4.017;NA;NA
1533;-0.8471;-0.8841;-3.0058;-1.4176;-1.5995;-4.1383;NA;NA
1534;-1.2166;-1.2421;-2.7793;-1.4523;-1.5842;-4.2921;NA;NA
1535;-1.3896;-1.8266;-5.2028;-1.5831;-1.666;-4.4547;NA;NA
1536;-1.9106;-2.1281;-6.0743;-1.8122;-1.8362;-4.6023;NA;NA
1537;-3.3921;-3.0626;-6.3243;-2.0462;-2.0118;-4.8371;NA;NA
1538;-3.7096;-3.3731;-5.1848;-2.1912;-2.1096;-5.186;NA;NA
1539;-3.0311;-2.9826;-6.3693;-2.2515;-2.1318;-5.5134;NA;NA
1540;-1.6056;-1.4756;-3.9268;-2.2958;-2.1395;-5.6834;NA;NA
1541;-1.0181;-0.9186;-4.3783;-2.3273;-2.1383;-5.652;NA;NA
1542;-1.7701;-1.7151;-6.3648;-2.3496;-2.1338;-5.5045;NA;NA
1543;-3.0431;-2.6166;-7.4673;-2.3291;-2.0897;-5.2986;NA;NA
1544;-3.5746;-3.3161;-6.5143;-2.2577;-1.9957;-5.0921;NA;NA
1545;-3.1351;-2.9761;-5.5038;-2.1767;-1.8965;-4.9429;NA;NA
1546;-1.0481;-0.7361;-3.7738;-2.1274;-1.8368;-4.777;NA;NA
1547;-0.7506;-0.2281;-2.8913;-2.0979;-1.8039;-4.5387;NA;NA
1548;-1.5301;-1.3306;-3.9888;-2.0584;-1.7655;-4.313;NA;NA
1549;-1.0196;-0.7276;-2.9588;-2.0233;-1.7373;-4.1845;NA;NA
1550;-2.0181;-1.8461;-3.0013;-2.0074;-1.7346;-4.1537;NA;NA
1551;-3.8436;-3.6131;-6.2793;-2.0321;-1.7847;-4.1632;NA;NA
1552;-2.8721;-2.7996;-5.3393;-2.0888;-1.8784;-4.2108;NA;NA
1553;-1.9256;-1.6031;-2.8858;-2.1467;-1.9772;-4.2945;NA;NA
1554;-2.4246;-1.9421;-4.3753;-2.175;-2.0425;-4.4123;NA;NA
1555;-1.8416;-1.7016;-5.2218;-2.2118;-2.121;-4.6549;NA;NA
1556;-1.0791;-0.9696;-3.4168;-2.2825;-2.2444;-5.026;NA;NA
1557;-1.6011;-1.7956;-4.6388;-2.3365;-2.3517;-5.393;NA;NA
1558;-1.9556;-2.2111;-4.9963;-2.3236;-2.3816;-5.6236;NA;NA
1559;-3.4236;-3.9101;-7.2843;-2.2259;-2.3277;-5.7436;NA;NA
1560;-2.5401;-2.4126;-6.9338;-2.08;-2.2353;-5.8567;NA;NA
1561;-2.1371;-2.1606;-5.5018;-1.9171;-2.1214;-5.9473;NA;NA
1562;-2.5741;-2.6791;-7.4258;-1.7687;-2.0028;-5.9997;NA;NA
1563;-2.5316;-2.9356;-6.5643;-1.5956;-1.8407;-5.9985;NA;NA
1564;-2.1216;-2.4261;-7.1983;-1.3847;-1.6329;-5.9045;NA;NA
1565;-0.7396;-1.0691;-4.6178;-1.2062;-1.4517;-5.7178;NA;NA
1566;0.9094;0.9164;-3.8348;-1.0162;-1.2421;-5.4814;NA;NA
1567;0.4959;-0.0431;-3.5423;-0.7685;-0.9554;-5.2383;NA;NA
1568;-0.7996;-1.0406;-5.9048;-0.5302;-0.6741;-5.0315;NA;NA
1569;-0.8741;-0.9261;-5.2583;-0.3684;-0.4805;-4.8263;NA;NA
1570;-1.2696;-1.5441;-5.9633;-0.2796;-0.3516;-4.5816;NA;NA
1571;0.1969;0.0794;-4.2703;-0.2166;-0.2274;-4.3307;NA;NA
1572;-0.2731;0.2279;-4.2533;-0.1804;-0.1348;-4.107;NA;NA
1573;1.0854;1.3134;-2.6063;-0.1719;-0.1006;-3.9439;NA;NA
1574;0.3379;0.1654;-2.8713;-0.2181;-0.1581;-3.7978;NA;NA
1575;-1.9026;-1.7271;-5.8508;-0.3212;-0.2904;-3.6364;NA;NA
1576;-1.0671;-1.3121;-4.2813;-0.4452;-0.4486;-3.5098;NA;NA
1577;0.4949;0.7649;-1.4238;-0.554;-0.5838;-3.4684;NA;NA
1578;-1.0621;-0.5406;-4.5663;-0.6624;-0.7353;-3.5307;NA;NA
1579;-0.3676;-0.1646;-2.5443;-0.7973;-0.9423;-3.6652;NA;NA
1580;-1.1931;-1.3891;-3.4903;-0.9411;-1.1555;-3.8472;NA;NA
1581;-0.7636;-1.1931;-3.2378;-1.0762;-1.3259;-4.0519;NA;NA
1582;-1.3721;-2.1431;-4.6898;-1.2329;-1.4855;-4.2547;NA;NA
1583;-0.9746;-1.9961;-3.3163;-1.426;-1.6733;-4.5201;NA;NA
1584;-1.7336;-2.3466;-4.8708;-1.6147;-1.8507;-4.8829;NA;NA
1585;-2.5951;-2.8501;-7.2543;-1.7582;-1.9791;-5.2738;NA;NA
1586;-1.5451;-1.4201;-5.9743;-1.8826;-2.0702;-5.6233;NA;NA
1587;-2.0146;-2.0166;-5.7463;-2.021;-2.1533;-5.862;NA;NA
1588;-1.9986;-1.9311;-5.8263;-2.1435;-2.2161;-6.0084;NA;NA
1589;-1.5191;-1.7156;-5.6608;-2.2205;-2.2463;-6.123;NA;NA
1590;-2.3891;-1.7651;-6.0458;-2.2582;-2.2455;-6.2002;NA;NA
1591;-3.2611;-2.9206;-7.5948;-2.278;-2.2212;-6.2343;NA;NA
1592;-3.1311;-2.8846;-8.0343;-2.2731;-2.1698;-6.2196;NA;NA
1593;-1.8626;-1.7621;-5.0673;-2.2365;-2.088;-6.1142;NA;NA
1594;-2.0236;-1.4591;-4.6633;-2.1248;-1.9444;-5.92;NA;NA
1595;-1.4121;-1.6651;-5.5903;-1.9405;-1.7416;-5.6968;NA;NA
1596;-0.9971;-1.4496;-4.1563;-1.7449;-1.5268;-5.5042;NA;NA
1597;-2.8016;-2.7781;-7.3183;-1.5994;-1.3471;-5.2974;NA;NA
1598;-2.0066;-1.6351;-5.9753;-1.4631;-1.144;-5.025;NA;NA
1599;-1.9731;-1.8596;-4.8898;-1.2866;-0.8764;-4.7367;NA;NA
1600;0.5634;0.8419;-1.5693;-1.1182;-0.6187;-4.4824;NA;NA
1601;-2.3031;-1.0536;-5.9283;-1.0065;-0.4448;-4.3118;NA;NA
1602;-0.7761;0.0579;-5.6003;-0.9655;-0.3488;-4.2269;NA;NA
1603;0.7414;1.2344;-3.5023;-0.9599;-0.2734;-4.1846;NA;NA
1604;0.7174;1.0939;-2.3163;-0.9644;-0.2164;-4.1665;NA;NA
1605;-0.9071;0.2129;-2.9278;-0.9535;-0.1751;-4.1543;NA;NA
1606;-1.7776;-0.2671;-4.6248;-0.9293;-0.1701;-4.1299;NA;NA
1607;-2.1846;-1.2941;-4.9488;-0.9132;-0.2079;-4.1053;NA;NA
1608;-1.3481;-0.8921;-4.7598;-0.9092;-0.2657;-4.1023;NA;NA
1609;-0.4861;0.2109;-2.5888;-0.9212;-0.3208;-4.117;NA;NA
1610;-2.0421;-1.0916;-6.4823;-0.9557;-0.3941;-4.1457;NA;NA
1611;-2.4091;-2.6936;-6.8208;-1.0103;-0.505;-4.1848;NA;NA
1612;-0.4021;-0.4701;-3.1213;-1.0749;-0.6283;-4.2556;NA;NA
1613;0.1404;0.3839;-2.0268;-1.1399;-0.7388;-4.3596;NA;NA
1614;-0.4001;0.4704;-3.4968;-1.2241;-0.8513;-4.4628;NA;NA
1615;-1.5951;-1.7286;-4.5668;-1.3322;-0.9809;-4.5313;NA;NA
1616;0.2369;0.2194;-3.9998;-1.4327;-1.1027;-4.5929;NA;NA
1617;-1.0091;-0.7466;-4.8098;-1.4942;-1.192;-4.6784;NA;NA
1618;-1.6381;-0.7756;-4.8823;-1.5462;-1.267;-4.7582;NA;NA
1619;-2.1426;-1.3546;-4.4983;-1.6195;-1.3515;-4.8027;NA;NA
1620;-3.8136;-3.4361;-6.3773;-1.6848;-1.4292;-4.7823;NA;NA
1621;-1.5966;-1.1511;-5.2393;-1.7124;-1.4834;-4.6627;NA;NA
1622;-2.3731;-2.2771;-5.6573;-1.667;-1.4979;-4.4698;NA;NA
1623;-2.7666;-2.8376;-4.4363;-1.5668;-1.4838;-4.2637;NA;NA
1624;-1.9911;-2.3001;-4.9983;-1.4621;-1.4655;-4.1043;NA;NA
1625;-0.5141;-0.7431;-3.2968;-1.4036;-1.4676;-3.9255;NA;NA
1626;0.1719;0.2589;-2.3338;-1.3175;-1.4397;-3.6683;NA;NA
1627;-1.2966;-1.5691;-3.1563;-1.1776;-1.37;-3.4036;NA;NA
1628;-0.4821;-0.3786;-1.8748;-1.105;-1.3415;-3.2021;NA;NA
1629;-0.6811;-1.0031;-3.7003;-1.1434;-1.3869;-3.1347;NA;NA
1630;-0.3431;-0.8326;-1.6088;-1.2303;-1.4634;-3.2733;NA;NA
1631;-2.3971;-2.5956;-3.4778;-1.3271;-1.54;-3.5592;NA;NA
1632;-1.6216;-2.2436;-4.8453;-1.3951;-1.5859;-3.8674;NA;NA
1633;0.6019;0.1499;-1.4583;-1.4957;-1.6435;-4.0727;NA;NA
1634;-1.1786;-1.2011;-3.9553;-1.6664;-1.7428;-4.2366;NA;NA
1635;-3.2826;-3.2711;-6.2583;-1.8324;-1.8344;-4.4638;NA;NA
1636;-3.7161;-2.9026;-7.2508;-1.9191;-1.8691;-4.695;NA;NA
1637;-3.3931;-3.1476;-6.8138;-1.9111;-1.8238;-4.8708;NA;NA
1638;-1.7581;-1.4196;-4.2143;-1.8612;-1.7314;-4.9317;NA;NA
1639;-2.0181;-2.2621;-5.1443;-1.7967;-1.6263;-4.8149;NA;NA
1640;-0.7041;-1.0581;-4.1703;-1.7445;-1.5429;-4.5539;NA;NA
1641;-0.3716;0.0029;-2.7233;-1.6473;-1.4393;-4.2334;NA;NA
1642;-1.7991;-1.2911;-3.5718;-1.4781;-1.2849;-3.9381;NA;NA
1643;-1.7826;-1.1501;-5.2418;-1.3106;-1.1316;-3.7526;NA;NA
1644;-1.5201;-0.9051;-4.4488;-1.2182;-1.0312;-3.6596;NA;NA
1645;-1.2311;-0.6916;-2.5538;-1.2057;-0.983;-3.5866;NA;NA
1646;0.0114;-0.5831;-1.9463;-1.2189;-0.9495;-3.5354;NA;NA
1647;-0.2821;-1.1271;-2.0048;-1.243;-0.927;-3.5078;NA;NA
1648;-0.9341;-0.9011;-2.5938;-1.263;-0.9118;-3.5056;NA;NA
1649;-2.8986;-1.9096;-5.3958;-1.3123;-0.9229;-3.5666;NA;NA
1650;-0.6691;-0.1106;-3.9008;-1.4074;-0.9659;-3.6925;NA;NA
1651;-1.6236;-1.8576;-4.9938;-1.5075;-1.0182;-3.8311;NA;NA
1652;-1.2231;0.0254;-2.0978;-1.5718;-1.0568;-3.9302;NA;NA
1653;-2.6736;-1.5041;-5.2218;-1.6248;-1.0951;-4.0203;NA;NA
1654;-3.4881;-2.6476;-5.5883;-1.6979;-1.1496;-4.1442;NA;NA
1655;-2.5591;-1.4191;-5.9363;-1.7605;-1.202;-4.2674;NA;NA
1656;0.5029;0.5514;-1.9053;-1.7822;-1.2341;-4.3555;NA;NA
1657;-0.2301;-0.3871;-2.7928;-1.7316;-1.2497;-4.374;NA;NA
1658;-0.9786;-0.9886;-2.6513;-1.6277;-1.2626;-4.2867;NA;NA
1659;-2.9736;-2.1846;-5.8263;-1.515;-1.2699;-4.1222;NA;NA
1660;-2.1731;-1.6366;-5.1503;-1.438;-1.2687;-3.9429;NA;NA
1661;-2.2786;-1.9971;-5.5653;-1.3791;-1.2535;-3.8113;NA;NA
1662;-1.1416;-0.9681;-3.6908;-1.305;-1.2268;-3.7074;NA;NA
1663;-0.9556;-0.9951;-2.0308;-1.2361;-1.1973;-3.583;NA;NA
1664;-1.7566;-2.3686;-4.8498;-1.193;-1.174;-3.4577;NA;NA
1665;-0.1041;-0.8096;-2.6353;-1.1796;-1.1321;-3.3509;NA;NA
1666;-0.3141;-0.6841;-2.4613;-1.1802;-1.0625;-3.2822;NA;NA
1667;-0.6596;-0.0946;-1.9718;-1.1858;-0.9968;-3.2327;NA;NA
1668;-1.0031;-0.7716;-2.7243;-1.1877;-0.9669;-3.1816;NA;NA
1669;-2.1401;-1.7541;-3.7073;-1.2138;-0.9716;-3.1456;NA;NA
1670;-1.1356;-0.8151;-2.8088;-1.2744;-0.987;-3.141;NA;NA
1671;-1.5596;-0.7906;-3.8753;-1.3332;-1.0108;-3.2228;NA;NA
1672;-2.0576;-1.1131;-4.3448;-1.3543;-1.041;-3.3924;NA;NA
1673;-1.0381;-0.7756;-3.9553;-1.3514;-1.1077;-3.5864;NA;NA
1674;-0.9591;-0.7891;-2.7698;-1.3527;-1.2163;-3.7413;NA;NA
1675;-1.8911;-1.6336;-4.4688;-1.3437;-1.3266;-3.7937;NA;NA
1676;-1.0641;-0.7061;-2.3308;-1.3096;-1.3988;-3.7293;NA;NA
1677;-1.1706;-2.2231;-4.0753;-1.2133;-1.4503;-3.5983;NA;NA
1678;-0.9226;-1.5621;-3.4378;-1.0612;-1.5119;-3.4342;NA;NA
1679;-1.7431;-2.2256;-4.7828;-0.9047;-1.5632;-3.2703;NA;NA
1680;-1.8746;-2.0491;-5.1838;-0.795;-1.5841;-3.14;NA;NA
1681;-0.7786;-1.6946;-3.3483;-0.7065;-1.5621;-3.005;NA;NA
1682;0.2884;-1.2791;-1.9148;-0.5992;-1.5112;-2.8277;NA;NA
1683;1.4194;-0.1411;1.3502;-0.5023;-1.4504;-2.6426;NA;NA
1684;-0.2046;-1.4686;-2.0358;-0.4451;-1.3987;-2.4839;NA;NA
1685;-1.4791;-2.2346;-4.0283;-0.4445;-1.3388;-2.3859;NA;NA
1686;-1.0621;-2.2136;-3.5728;-0.4802;-1.2543;-2.355;NA;NA
1687;0.1144;-0.5301;-1.7633;-0.5259;-1.1654;-2.3626;NA;NA
1688;0.0149;-0.1986;-1.7508;-0.5552;-1.0924;-2.3915;NA;NA
1689;-0.5646;-0.9716;-2.8508;-0.6103;-1.0162;-2.4239;NA;NA
1690;-1.2081;-1.1876;-2.6693;-0.7032;-0.9274;-2.4704;NA;NA
1691;-0.5681;-0.2221;-2.4513;-0.7621;-0.8613;-2.5455;NA;NA
1692;-1.0296;-1.1126;-2.4858;-0.7677;-0.8042;-2.6379;NA;NA
1693;-1.3771;-1.9266;-3.4143;-0.7589;-0.736;-2.7363;NA;NA
1694;0.0744;0.7074;-1.1363;-0.7511;-0.683;-2.8297;NA;NA
1695;-2.1696;-2.1976;-5.0118;-0.7598;-0.6714;-2.9333;NA;NA
1696;-1.6786;-1.2706;-4.3443;-0.7772;-0.7248;-3.0587;NA;NA
1697;-0.3406;0.4139;-1.9608;-0.789;-0.8244;-3.1885;NA;NA
1698;-0.7796;-0.9666;-2.9653;-0.8016;-0.9324;-3.3055;NA;NA
1699;0.5349;-0.0311;-2.7133;-0.8212;-1.0109;-3.4292;NA;NA
1700;0.8654;0.6279;-1.9678;-0.8562;-1.089;-3.5765;NA;NA
1701;-0.5426;-1.2126;-4.2093;-0.9024;-1.1976;-3.7263;NA;NA
1702;-0.9251;-1.8546;-4.0033;-0.9475;-1.3019;-3.8575;NA;NA
1703;-1.9481;-2.5261;-4.3593;-0.9789;-1.367;-3.949;NA;NA
1704;-2.9941;-2.8916;-5.6023;-1.0374;-1.4243;-4.046;NA;NA
1705;-1.8146;-2.1516;-5.7218;-1.1374;-1.5034;-4.1709;NA;NA
1706;0.0404;-1.3466;-2.2913;-1.2273;-1.5666;-4.268;NA;NA
1707;-0.2061;-0.4271;-2.5008;-1.2552;-1.576;-4.2818;NA;NA
1708;-1.3126;-0.8616;-3.9458;-1.1927;-1.4842;-4.1564;NA;NA
1709;-2.0956;-1.9481;-5.5663;-1.0747;-1.3133;-3.9158;NA;NA
1710;-1.5226;-1.7516;-5.3743;-0.9441;-1.1296;-3.6243;NA;NA
1711;-0.1531;-0.4496;-3.2923;-0.8442;-0.9995;-3.3466;NA;NA
1712;-0.9871;-0.8726;-3.1593;-0.7193;-0.8813;-3.147;NA;NA
1713;-1.1456;-1.3186;-2.8208;-0.5328;-0.7229;-2.982;NA;NA
1714;-0.8171;-1.4886;-3.0238;-0.3564;-0.5749;-2.7898;NA;NA
1715;0.4859;0.6889;-1.8353;-0.2616;-0.4881;-2.6081;NA;NA
1716;-0.5906;-0.4036;-3.3528;-0.254;-0.4811;-2.4743;NA;NA
1717;0.7004;0.7469;-0.4528;-0.2798;-0.5175;-2.426;NA;NA
1718;0.4749;-0.5541;-1.4058;-0.3221;-0.5657;-2.5056;NA;NA
1719;1.0749;0.1199;-1.8803;-0.3638;-0.5937;-2.6916;NA;NA
1720;0.3204;0.1749;-0.7828;-0.4656;-0.645;-2.9261;NA;NA
1721;-2.6191;-2.7026;-5.6218;-0.6468;-0.7481;-3.1513;NA;NA
1722;-1.2236;-1.3001;-4.6173;-0.8283;-0.8487;-3.3093;NA;NA
1723;-0.6516;-0.7366;-3.5048;-0.9308;-0.8925;-3.4675;NA;NA
1724;-1.2186;-0.8416;-4.1743;-0.986;-0.8835;-3.682;NA;NA
1725;-1.1551;-0.6521;-3.8773;-1.0566;-0.8632;-3.8781;NA;NA
1726;-1.3146;-1.3346;-4.5003;-1.1104;-0.8334;-3.9812;NA;NA
1727;-2.3311;-2.1061;-4.4928;-1.1151;-0.7959;-3.9461;NA;NA
1728;-1.2126;-0.2796;-2.7578;-1.0158;-0.7091;-3.8114;NA;NA
1729;-1.4706;-0.9666;-4.3648;-0.8291;-0.5655;-3.6277;NA;NA
1730;-0.1911;0.0244;-3.3638;-0.63;-0.4183;-3.4455;NA;NA
1731;0.0884;0.3389;-2.8613;-0.4937;-0.321;-3.3156;NA;NA
1732;0.1844;0.5339;-3.0733;-0.3939;-0.2693;-3.2275;NA;NA
1733;-0.0401;-0.0766;-3.4343;-0.2721;-0.2233;-3.139;NA;NA
1734;-0.0896;-0.2316;-2.3603;-0.1547;-0.1828;-3.0532;NA;NA
1735;0.2749;0.0014;-2.9333;-0.0681;-0.1473;-2.9733;NA;NA
1736;0.4184;0.3744;-2.4888;-0.0223;-0.129;-2.9025;NA;NA
1737;-0.1981;-0.9521;-3.9088;-6e-04;-0.1312;-2.8341;NA;NA
1738;0.5574;-0.2981;-1.3773;0.0118;-0.1406;-2.7641;NA;NA
1739;-0.0881;-0.5871;-2.4528;0.0292;-0.144;-2.6988;NA;NA
1740;-0.1836;-0.1061;-3.2208;0.0323;-0.1504;-2.6447;NA;NA
1741;-1.5851;-1.2886;-3.8173;0.0074;-0.1698;-2.6084;NA;NA
1742;-0.2101;0.4264;-3.6673;-0.0224;-0.1902;-2.6015;NA;NA
1743;-0.6741;-0.3996;-3.5008;-0.0341;-0.1998;-2.6178;NA;NA
1744;0.5689;0.7094;-0.3758;-0.0165;-0.1843;-2.6369;NA;NA
1745;0.8859;0.8244;-2.2648;0.0166;-0.1499;-2.6386;NA;NA
1746;0.2389;-0.7716;-2.4093;0.0511;-0.1151;-2.6046;NA;NA
1747;0.5224;-0.3196;-2.1808;0.0731;-0.0982;-2.5453;NA;NA
1748;0.8684;0.0704;-1.2308;0.1179;-0.0803;-2.4827;NA;NA
1749;0.4649;0.8754;-1.4098;0.1975;-0.0488;-2.4387;NA;NA
1750;-1.5931;-1.3736;-6.4213;0.262;-0.0314;-2.4353;NA;NA
1751;-1.1686;-1.4511;-5.3053;0.2618;-0.0561;-2.4886;NA;NA
1752;0.0424;-0.7801;-1.3493;0.1704;-0.1359;-2.5854;NA;NA
1753;1.0769;1.1619;-0.6303;0.0331;-0.2441;-2.7043;NA;NA
1754;0.3559;0.7164;-2.0248;-0.092;-0.3485;-2.8238;NA;NA
1755;0.7999;-0.1136;-3.1123;-0.2365;-0.4728;-2.9224;NA;NA
1756;0.4139;-0.1746;-1.4493;-0.4338;-0.6356;-3.0176;NA;NA
1757;-0.5136;-0.4656;-3.0753;-0.628;-0.797;-3.1297;NA;NA
1758;-0.5756;-0.6881;-3.3023;-0.7631;-0.9175;-3.2407;NA;NA
1759;-0.7316;-1.0576;-4.1498;-0.8708;-1.033;-3.3326;NA;NA
1760;-1.5861;-1.9106;-3.3938;-0.9983;-1.1787;-3.3877;NA;NA
1761;-3.4121;-3.1941;-5.3218;-1.1127;-1.3139;-3.4282;NA;NA
1762;-1.5891;-1.3916;-4.8353;-1.181;-1.3975;-3.4745;NA;NA
1763;-0.5781;-0.4761;-1.3943;-1.1775;-1.4246;-3.5055;NA;NA
1764;-1.6306;-1.9366;-3.9733;-1.124;-1.424;-3.5002;NA;NA
1765;-1.3071;-2.1346;-3.6768;-1.0585;-1.4054;-3.4162;NA;NA
1766;-0.7126;-0.9906;-2.8338;-1.0187;-1.3784;-3.2562;NA;NA
1767;-0.9041;-1.2981;-3.5123;-0.9717;-1.3095;-3.0675;NA;NA
1768;0.2179;-0.1211;-1.0913;-0.8832;-1.1865;-2.8971;NA;NA
1769;-0.9531;-1.0496;-2.2898;-0.7886;-1.0512;-2.7921;NA;NA
1770;-0.2421;-1.1226;-4.1153;-0.7234;-0.9455;-2.7535;NA;NA
1771;0.2194;-0.2231;-2.8948;-0.7153;-0.8667;-2.7413;NA;NA
1772;-0.5646;-1.3861;-3.1158;-0.7434;-0.7857;-2.7409;NA;NA
1773;-0.6736;-0.7441;-1.4648;-0.7706;-0.7052;-2.7376;NA;NA
1774;-1.2346;-0.4816;-2.2443;-0.7597;-0.6278;-2.7494;NA;NA
1775;-1.0886;-0.4886;-3.0808;-0.7251;-0.5523;-2.7913;NA;NA
1776;-2.0886;-1.2771;-3.5683;-0.6963;-0.4764;-2.8445;NA;NA
1777;-1.3861;-0.7121;-3.6813;-0.6589;-0.4014;-2.8901;NA;NA
1778;-0.5741;0.3324;-2.9728;-0.5985;-0.3286;-2.9092;NA;NA
1779;0.1109;-0.0906;-3.1693;-0.4603;-0.2245;-2.8792;NA;NA
1780;0.4444;0.2319;-1.3063;-0.249;-0.0853;-2.8147;NA;NA
1781;-0.2871;-0.1391;-1.5608;-0.04;0.043;-2.7537;NA;NA
1782;-0.6476;-0.3966;-4.3558;0.0913;0.1146;-2.7336;NA;NA
1783;0.1234;-0.5791;-3.9878;0.1726;0.1277;-2.7452;NA;NA
1784;1.2959;0.7774;-1.3508;0.2637;0.1168;-2.7596;NA;NA
1785;-0.1081;0.0894;-4.5513;0.3371;0.0903;-2.785;NA;NA
1786;0.9554;0.7619;-2.8563;0.3652;0.0566;-2.8295;NA;NA
1787;1.1594;0.4329;-1.1493;0.3054;-0.0244;-2.9014;NA;NA
1788;1.0389;0.3879;-1.0633;0.1723;-0.1627;-3.0384;NA;NA
1789;-0.1381;-0.2451;-3.9348;0.0244;-0.3042;-3.2418;NA;NA
1790;0.1579;0.2399;-2.4393;-0.0798;-0.3949;-3.4653;NA;NA
1791;-1.4091;-1.3331;-4.7773;-0.197;-0.473;-3.6626;NA;NA
1792;-1.1301;-1.5421;-4.8833;-0.3757;-0.583;-3.7876;NA;NA
1793;-0.5411;-1.1396;-3.7648;-0.5451;-0.6799;-3.8796;NA;NA
1794;-0.9996;-1.1941;-3.8253;-0.634;-0.7188;-3.9866;NA;NA
1795;-0.3706;-0.4601;-5.0498;-0.6214;-0.6732;-4.075;NA;NA
1796;0.1304;-0.3761;-3.7408;-0.5571;-0.5731;-4.1112;NA;NA
1797;-0.3451;0.0059;-3.5243;-0.4768;-0.4587;-4.0616;NA;NA
1798;-1.8216;-1.4136;-4.6318;-0.4162;-0.3703;-3.8433;NA;NA
1799;-0.9531;-0.3256;-4.1723;-0.3187;-0.2574;-3.4803;NA;NA
1800;0.0099;0.1889;-3.7883;-0.1527;-0.0851;-3.0994;NA;NA
1801;-0.3261;-0.3426;-3.8713;0.0084;0.0836;-2.8273;NA;NA
1802;0.6834;1.0529;-1.3118;0.0913;0.1853;-2.6392;NA;NA
1803;0.5744;0.8149;-0.8263;0.0873;0.2111;-2.4367;NA;NA
1804;0.7099;0.2929;-2.3533;0.0514;0.2069;-2.2367;NA;NA
1805;0.6224;0.3149;-2.0898;0.0066;0.1922;-2.0563;NA;NA
1806;1.4714;1.4809;-0.2828;-0.0245;0.1864;-1.9124;NA;NA
1807;-0.1246;-0.7756;-1.7493;-0.0891;0.1598;-1.8284;NA;NA
1808;0.1249;0.6789;-1.3993;-0.2112;0.0933;-1.796;NA;NA
1809;-1.5586;-0.4056;-2.3843;-0.3322;0.0225;-1.7839;NA;NA
1810;-1.8176;-1.6016;-4.0338;-0.394;-0.0171;-1.7612;NA;NA
1811;-1.3021;-0.2681;-2.3868;-0.4203;-0.0394;-1.7321;NA;NA
1812;-0.9341;-0.0511;-1.6603;-0.4569;-0.071;-1.7166;NA;NA
1813;-0.7076;-0.8606;-2.8178;-0.4775;-0.0956;-1.707;NA;NA
1814;1.2644;1.5399;1.4502;-0.4562;-0.0965;-1.6956;NA;NA
1815;0.1944;0.6599;-0.9173;-0.3241;-0.0242;-1.6749;NA;NA
1816;-0.4581;-0.1246;-1.7563;-0.1149;0.0976;-1.6111;NA;NA
1817;-0.3891;-0.0476;-2.7243;0.0433;0.1751;-1.5094;NA;NA
1818;-1.0641;-1.0866;-3.2103;0.1883;0.2212;-1.4207;NA;NA
1819;0.5934;0.4129;-2.3328;0.3947;0.2891;-1.3956;NA;NA
1820;1.3474;0.6659;0.1497;0.5895;0.3455;-1.4323;NA;NA
1821;0.6034;-0.0701;-0.6648;0.6994;0.3573;-1.4951;NA;NA
1822;1.6174;1.1409;0.2367;0.7343;0.323;-1.584;NA;NA
1823;1.6309;1.2254;-2.2983;0.7476;0.2667;-1.6987;NA;NA
1824;-0.0521;0.1219;-2.7278;0.7322;0.1933;-1.8394;NA;NA
1825;0.2194;-0.2631;-2.9878;0.6809;0.1078;-2.0502;NA;NA
1826;0.6169;0.6179;-1.6683;0.5473;-0.0241;-2.3421;NA;NA
1827;0.3929;-0.9791;-3.2118;0.3334;-0.209;-2.6655;NA;NA
1828;0.9044;-0.4396;-1.0738;0.1034;-0.4004;-2.971;NA;NA
1829;0.5369;-0.6306;-2.9233;-0.078;-0.5515;-3.2088;NA;NA
1830;-0.4506;-0.5881;-4.1848;-0.2706;-0.7121;-3.4203;NA;NA
1831;-0.1436;0.0574;-3.4368;-0.5271;-0.9206;-3.6527;NA;NA
1832;-0.8731;-0.7991;-3.3223;-0.7724;-1.1139;-3.865;NA;NA
1833;-1.9186;-2.2291;-4.7778;-0.9314;-1.2288;-4.0164;NA;NA
1834;-1.9211;-1.9516;-5.7333;-1.0058;-1.256;-4.0662;NA;NA
1835;-1.6296;-1.3561;-4.9413;-1.0523;-1.2416;-3.9798;NA;NA
1836;-0.8081;-1.5176;-3.6598;-1.0781;-1.2057;-3.7948;NA;NA
1837;-0.6031;-0.8491;-2.1658;-1.0907;-1.1682;-3.5785;NA;NA
1838;-1.7561;-1.6441;-4.4618;-1.038;-1.0789;-3.398;NA;NA
1839;-1.6711;-1.6396;-5.1458;-0.9078;-0.9185;-3.1986;NA;NA
1840;-0.2911;-0.3346;-1.4528;-0.7673;-0.7531;-2.9172;NA;NA
1841;-0.5336;-0.8196;-2.3353;-0.684;-0.6488;-2.6078;NA;NA
1842;1.0399;0.5564;0.8347;-0.6275;-0.5755;-2.3247;NA;NA
1843;-0.0536;0.2014;-1.3683;-0.5454;-0.4803;-2.1221;NA;NA
1844;-1.5956;-0.5226;-3.5198;-0.4723;-0.3955;-1.9917;NA;NA
1845;-0.5371;-0.8181;-3.3558;-0.4426;-0.3533;-1.8881;NA;NA
1846;-0.0546;0.2964;-0.6308;-0.4893;-0.3932;-1.8091;NA;NA
1847;-0.5036;-0.4181;-2.5878;-0.5914;-0.4964;-1.753;NA;NA
1848;0.1204;0.4369;-1.3528;-0.7023;-0.6079;-1.7558;NA;NA
1849;-1.4591;-1.2701;-2.4758;-0.7755;-0.6727;-1.8281;NA;NA
1850;-1.1396;-1.3546;-2.7823;-0.8462;-0.7262;-1.9297;NA;NA
1851;-0.9041;-1.2651;-1.2533;-0.951;-0.8126;-2.0199;NA;NA
1852;-0.4741;-0.2381;-0.1083;-1.0461;-0.8896;-2.0585;NA;NA
1853;-1.9576;-2.0256;-3.5448;-1.0877;-0.9148;-2.0561;NA;NA
1854;-1.1526;-1.0061;-1.0738;-1.0499;-0.8534;-2.0474;NA;NA
1855;-0.8141;-0.7286;-0.8163;-0.9638;-0.7337;-2.0283;NA;NA
1856;-1.0556;-0.6506;-1.9453;-0.871;-0.6087;-1.9946;NA;NA
1857;-1.4786;-0.7406;-3.3443;-0.8132;-0.5312;-1.9201;NA;NA
1858;-1.4066;-0.8701;-4.3393;-0.7573;-0.4653;-1.8032;NA;NA
1859;-1.2891;-1.1816;-3.1903;-0.6677;-0.3667;-1.6771;NA;NA
1860;-0.0341;0.5819;-0.3068;-0.583;-0.2755;-1.5749;NA;NA
1861;0.9074;1.1419;-1.2833;-0.5417;-0.2318;-1.5297;NA;NA
1862;0.6229;1.1064;1.0602;-0.5526;-0.2512;-1.5439;NA;NA
1863;0.3294;0.5544;-0.8553;-0.5877;-0.306;-1.5877;NA;NA
1864;-1.3366;-1.3336;-2.6803;-0.6298;-0.3716;-1.6452;NA;NA
1865;-1.6291;-1.7841;-1.9893;-0.6618;-0.4232;-1.7008;NA;NA
1866;-0.3506;-0.3306;-0.0643;-0.7173;-0.4932;-1.7389;NA;NA
1867;-0.4151;-0.3691;-1.0828;-0.8146;-0.6054;-1.7956;NA;NA
1868;-1.5541;-1.1206;-0.7453;-0.9136;-0.7219;-1.8959;NA;NA
1869;-1.6086;-1.1201;-5.1473;-0.9743;-0.805;-2.007;NA;NA
1870;-1.9046;-1.5976;-3.4938;-0.9974;-0.8564;-2.096;NA;NA
1871;-0.8671;-0.9016;-2.8918;-1.0115;-0.9023;-2.1301;NA;NA
1872;-0.1251;0.2784;-1.4428;-1.0181;-0.9407;-2.0651;NA;NA
1873;-1.5106;-1.5346;-3.3313;-1.0188;-0.97;-1.9241;NA;NA
1874;-1.3346;-1.4756;-1.7973;-0.9855;-0.9771;-1.7746;NA;NA
1875;-0.3386;0.1104;-1.0433;-0.9136;-0.962;-1.6843;NA;NA
1876;-0.0671;0.3374;1.3327;-0.8392;-0.942;-1.6347;NA;NA
1877;-1.2346;-2.3171;-2.0648;-0.7984;-0.9348;-1.572;NA;NA
1878;0.0909;-0.7666;0.5732;-0.7898;-0.9575;-1.5112;NA;NA
1879;-1.7881;-2.0936;-3.1188;-0.7868;-0.9931;-1.467;NA;NA
1880;-0.5836;0.0749;-1.0363;-0.7871;-1.0077;-1.4545;NA;NA
1881;-1.0651;-1.4421;-2.5268;-0.8154;-1.0091;-1.5254;NA;NA
1882;-0.7416;-0.8686;-1.9138;-0.8755;-1.0172;-1.6813;NA;NA
1883;-0.5631;-0.5971;-1.7723;-0.9342;-1.0153;-1.8621;NA;NA
1884;-0.8706;-0.9836;-1.9683;-0.9585;-0.9871;-2.0074;NA;NA
1885;-1.6076;-1.9451;-3.0573;-0.9362;-0.8899;-2.0569;NA;NA
1886;-0.1911;-0.1226;-0.7418;-0.8913;-0.7326;-1.9675;NA;NA
1887;-0.9701;-1.0671;-2.1003;-0.8441;-0.5764;-1.777;NA;NA
1888;-1.7446;-1.2151;-2.6528;-0.815;-0.4824;-1.5466;NA;NA
1889;-1.2366;-0.5126;-2.1748;-0.7807;-0.4152;-1.3374;NA;NA
1890;-0.2896;0.4029;-0.8493;-0.7242;-0.3265;-1.2104;NA;NA
1891;-0.8901;-0.7446;-1.0398;-0.6755;-0.2584;-1.1043;NA;NA
1892;-1.1501;-0.3976;-1.0353;-0.6647;-0.2526;-0.9629;NA;NA
1893;-0.4181;0.1229;-1.8088;-0.7033;-0.3387;-0.8551;NA;NA
1894;1.0884;1.6504;1.4427;-0.7682;-0.4864;-0.8501;NA;NA
1895;-0.7976;-0.2561;-0.4933;-0.8381;-0.6482;-1.0132;NA;NA
1896;-0.8091;-0.8266;-1.4223;-0.8913;-0.7767;-1.3103;NA;NA
1897;-0.2821;-0.5421;-0.0803;-0.9772;-0.9478;-1.6608;NA;NA
1898;-0.8741;-1.2051;0.8762;-1.1169;-1.2054;-1.984;NA;NA
1899;-2.2466;-2.3656;-4.6558;-1.2474;-1.4538;-2.1994;NA;NA
1900;-2.3576;-2.9241;-3.6433;-1.3051;-1.5972;-2.3669;NA;NA
1901;-1.2776;-1.7976;-3.3378;-1.2991;-1.6425;-2.5694;NA;NA
1902;-1.7436;-2.5436;-3.2043;-1.2785;-1.6621;-2.76;NA;NA
1903;-1.0516;-1.4376;-3.2708;-1.2402;-1.6588;-2.8923;NA;NA
1904;-1.2916;-1.5926;-4.4083;-1.1815;-1.6351;-2.9195;NA;NA
1905;-1.3331;-1.3061;-3.2513;-1.0504;-1.5326;-2.7731;NA;NA
1906;-1.8371;-3.1491;-2.7798;-0.8417;-1.34;-2.4725;NA;NA
1907;0.0059;0.4214;-0.9618;-0.6223;-1.1307;-2.1035;NA;NA
1908;-0.4681;-0.9826;-2.2398;-0.459;-0.9783;-1.7521;NA;NA
1909;0.2104;-0.2521;-0.5593;-0.3114;-0.8472;-1.5039;NA;NA
1910;1.0104;0.5829;1.1067;-0.1274;-0.6817;-1.2986;NA;NA
1911;0.2574;-0.5156;-1.7828;0.0435;-0.5244;-1.0598;NA;NA
1912;0.0304;-0.3781;-0.9188;0.1517;-0.418;-0.8495;NA;NA
1913;-0.1041;-0.7391;-2.4948;0.1931;-0.3644;-0.7294;NA;NA
1914;0.0419;-0.7496;0.9832;0.2026;-0.3343;-0.7229;NA;NA
1915;-0.6116;-2.1156;-0.9518;0.1895;-0.3242;-0.7925;NA;NA
1916;0.2359;-0.1656;-1.6823;0.163;-0.3308;-0.9088;NA;NA
1917;0.7469;0.7459;-1.0538;0.0923;-0.3727;-1.0424;NA;NA
1918;0.7294;0.4734;0.4067;-0.0319;-0.4531;-1.1641;NA;NA
1919;-0.3201;-0.7996;-2.3933;-0.1686;-0.5443;-1.2886;NA;NA
1920;-0.3081;-0.6241;-1.5923;-0.2767;-0.6189;-1.4419;NA;NA
1921;-0.9711;-0.7271;-1.3963;-0.384;-0.6992;-1.6108;NA;NA
1922;-0.5636;-0.4541;-2.9048;-0.5222;-0.8071;-1.7825;NA;NA
1923;-0.4091;-0.6011;-1.8758;-0.6566;-0.9139;-1.9917;NA;NA
1924;-0.4421;-1.3846;-1.8213;-0.7526;-0.9911;-2.2553;NA;NA
1925;-0.3986;-0.8581;-0.3208;-0.8154;-1.0615;-2.5335;NA;NA
1926;-2.4181;-2.7561;-3.0063;-0.8719;-1.1491;-2.7865;NA;NA
1927;-1.1436;-1.4111;-5.0303;-0.9193;-1.2278;-2.9744;NA;NA
1928;0.1284;0.1524;-1.5013;-0.9545;-1.2714;-3.1103;NA;NA
1929;-1.4871;-1.7576;-3.5428;-0.948;-1.2458;-3.2313;NA;NA
1930;-1.3541;-1.3681;-4.6463;-0.8994;-1.1674;-3.3336;NA;NA
1931;-1.2731;-1.6601;-3.5578;-0.8501;-1.0853;-3.4133;NA;NA
1932;-0.9651;-1.6121;-4.0693;-0.8414;-1.0485;-3.455;NA;NA
1933;0.1254;-0.2986;-2.3088;-0.8762;-1.0505;-3.4557;NA;NA
1934;-0.8316;-1.0386;-5.1763;-0.9216;-1.0524;-3.4304;NA;NA
1935;-0.6836;-0.7171;-2.7938;-0.9665;-1.0547;-3.3941;NA;NA
1936;-0.6236;-0.5821;-3.1638;-0.9992;-1.0577;-3.3618;NA;NA
1937;-0.1056;-0.2666;-2.2853;-1.0383;-1.0755;-3.3184;NA;NA
1938;-0.5551;0.0084;-1.3133;-1.0958;-1.1106;-3.2497;NA;NA
1939;-1.5881;-1.2041;-4.1073;-1.1509;-1.1457;-3.1726;NA;NA
1940;-2.3376;-2.4486;-3.7888;-1.1828;-1.1641;-3.104;NA;NA
1941;-2.5526;-2.5596;-3.9348;-1.2144;-1.1888;-3.0606;NA;NA
1942;-2.5791;-2.2831;-4.2398;-1.2575;-1.2295;-3.0702;NA;NA
1943;-0.5036;-0.9131;-3.2268;-1.2748;-1.2488;-3.1247;NA;NA
1944;0.3144;-0.2096;-0.5358;-1.2561;-1.2493;-3.1876;NA;NA
1945;-0.9066;-1.6591;-1.7983;-1.2186;-1.2497;-3.2222;NA;NA
1946;-1.2756;-0.4636;-3.5778;-1.1658;-1.2361;-3.192;NA;NA
1947;-1.4971;-1.0566;-5.4763;-1.1009;-1.195;-3.121;NA;NA
1948;-0.5291;-0.5796;-2.6408;-1.0173;-1.1174;-3.0419;NA;NA
1949;-0.7716;-1.0176;-3.3058;-0.9123;-1.0121;-2.9308;NA;NA
1950;-0.5641;-0.7191;-1.9633;-0.7946;-0.8924;-2.764;NA;NA
1951;-0.6421;-1.1496;-1.9118;-0.6735;-0.7715;-2.494;NA;NA
1952;-2.2686;-2.0541;-4.6593;-0.5101;-0.6167;-2.126;NA;NA
1953;-0.2466;-0.4866;-1.6338;-0.2975;-0.4189;-1.7157;NA;NA
1954;0.0694;-0.3371;-1.2498;-0.0922;-0.2262;-1.3186;NA;NA
1955;-0.2161;-0.5391;-1.2648;0.0495;-0.0868;-0.9905;NA;NA
1956;0.4799;1.0024;-0.5808;0.1696;0.0418;-0.6603;NA;NA
1957;0.0479;0.1279;-0.9008;0.3157;0.2012;-0.2762;NA;NA
1958;-0.2126;-0.4536;0.9872;0.4396;0.3425;0.0782;-1.3954;NA
1959;1.1904;0.9194;1.2037;0.4932;0.4167;0.3189;1.1546;NA
1960;0.8469;0.8054;0.6182;0.437;0.389;0.4182;0.8713;NA
1961;1.3404;1.5099;1.8597;0.3047;0.2934;0.4306;-0.162;NA
1962;1.8819;1.2589;-0.2168;0.1573;0.1839;0.395;1.8013;NA
1963;2.0194;1.9454;3.5047;0.0556;0.1146;0.3505;2.4213;NA
1964;-0.8006;-0.7396;-0.1923;-0.0556;0.0344;0.3361;-1.0287;NA
1965;-2.5831;-2.0156;-2.8838;-0.2303;-0.1043;0.3083;-2.7854;NA
1966;-1.8161;-1.3006;-1.2348;-0.4049;-0.2425;0.2253;-0.862;NA
1967;-1.3481;-0.9096;-0.9093;-0.5161;-0.3213;0.129;-2.3554;NA
1968;-0.4526;-0.3266;0.9872;-0.575;-0.3411;0.0613;-0.3754;NA
1969;-1.1431;-1.0086;0.0237;-0.6283;-0.3446;0.0385;-2.1787;NA
1970;-0.8001;-0.9861;0.1802;-0.6662;-0.3366;0.0409;0.9546;NA
1971;0.7949;1.4099;2.1372;-0.6786;-0.3214;0.0559;0.108;NA
1972;-1.4651;-1.1881;-0.7933;-0.5798;-0.2066;0.0709;-0.7087;NA
1973;-0.5416;-0.9031;0.4892;-0.3937;-0.0074;0.0734;0.1046;-0.3899
1974;1.9259;2.8889;1.2362;-0.2742;0.1105;0.05;2.138;-0.2243
1975;-0.2846;0.4774;-0.2828;-0.2416;0.1218;0.0012;-1.342;-0.0583
1976;0.3939;1.0384;-1.0648;-0.2137;0.1156;-0.0646;0.4813;0.0376
1977;-1.8521;-1.7801;-1.2228;-0.1919;0.0975;-0.1393;-2.3354;0.0234
1978;-1.1966;-1.1021;-0.8708;-0.1772;0.0731;-0.2143;0.518;-0.04
1979;0.9699;1.3569;0.5162;-0.2057;-0.0072;-0.2975;0.358;-0.0719
1980;-0.1261;-0.0211;0.2522;-0.2801;-0.153;-0.3909;-0.792;-0.0897
1981;0.3774;0.8104;0.2152;-0.3511;-0.2983;-0.477;1.248;-0.1401
1982;0.7269;0.9759;0.8197;-0.3696;-0.3773;-0.5386;1.128;-0.1857
1983;-0.9641;-1.7001;-0.6388;-0.3656;-0.4199;-0.5582;-0.8387;-0.1893
1984;-0.6381;-1.2066;-1.3218;-0.3776;-0.4775;-0.5531;-0.312;-0.1566
1985;-1.9566;-2.3201;-2.2633;-0.3693;-0.5161;-0.5446;-1.4587;-0.1145
1986;-1.0566;-1.2736;-2.3158;-0.3043;-0.5019;-0.5219;-0.4587;-0.0567
1987;-0.8391;-1.0151;-0.9383;-0.1902;-0.4305;-0.474;-0.8154;0.0226
1988;1.1684;1.1354;1.1902;-0.0539;-0.3254;-0.39;0.598;0.1199
1989;1.5624;1.6079;0.4992;0.1116;-0.1945;-0.2694;1.4146;0.2275
1990;0.9764;0.3024;1.6232;0.3132;-0.0458;-0.1164;0.9713;0.3381
1991;0.9139;0.4604;1.4202;0.6034;0.1671;0.0644;0.2846;0.5217
1992;-1.0111;-1.2556;-0.9263;NA;NA;NA;-0.5687;0.7681
1993;-0.5811;-0.7806;-1.4963;NA;NA;NA;0.1413;0.9489
1994;2.0404;1.8789;-0.9808;NA;NA;NA;1.958;1.0641
1995;2.5404;1.5049;0.7912;NA;NA;NA;2.118;1.1844
1996;3.1844;1.7489;1.4422;NA;NA;NA;0.6613;1.2883
1997;2.7024;1.8674;2.0057;NA;NA;NA;1.4413;1.3542
1998;2.3399;0.8359;1.8147;NA;NA;NA;1.1913;1.351
1999;4.9324;3.3974;4.5717;NA;NA;NA;2.218;1.3041
2000;4.8289;3.4854;6.2452;NA;NA;NA;3.4246;1.277
2001;3.5749;2.0819;1.5582;NA;NA;NA;-0.692;NA
2002;2.5589;1.5049;1.7577;NA;NA;NA;2.4746;NA
2003;3.7404;2.8039;2.4752;NA;NA;NA;0.3446;NA
2004;3.6879;2.5649;1.3192;NA;NA;NA;-0.072;NA
2005;2.2134;0.4459;3.3937;NA;NA;NA;0.9613;NA
