Year;Cor reconstruction;Cor & Stat reconstruction;Sign Test reconstruction;Villalba reconstruction;Cor reconstruction 30yr filtered;Cor & Stat reconstruction 30yr filtered;Sign Test reconstruction 30yr filtered;Villalba reconstruction 30yr filtered;Target SAM (Fogt);Target SAM (Fogt) 30yr filtered
1000;-3.1622;-3.9471;-2.2406;NA;NA;NA;NA;NA;NA;NA
1001;0.1678;-1.1801;1.3379;NA;NA;NA;NA;NA;NA;NA
1002;1.6918;0.8654;2.2319;NA;NA;NA;NA;NA;NA;NA
1003;2.0563;0.8499;2.8279;NA;NA;NA;NA;NA;NA;NA
1004;1.2253;0.0414;1.5584;NA;NA;NA;NA;NA;NA;NA
1005;0.9273;-0.4651;2.7189;NA;NA;NA;NA;NA;NA;NA
1006;1.7893;0.1614;2.7264;NA;NA;NA;NA;NA;NA;NA
1007;-0.5127;-1.1676;0.3754;NA;NA;NA;NA;NA;NA;NA
1008;0.2393;-1.4506;2.8729;NA;NA;NA;NA;NA;NA;NA
1009;-0.1387;-0.7081;0.7264;NA;NA;NA;NA;NA;NA;NA
1010;0.1348;-0.3356;0.8959;NA;NA;NA;NA;NA;NA;NA
1011;-0.9502;-0.8036;-1.3311;NA;NA;NA;NA;NA;NA;NA
1012;-1.6152;-1.3656;-2.9701;NA;NA;NA;NA;NA;NA;NA
1013;-1.5757;0.1429;-2.3531;NA;NA;NA;NA;NA;NA;NA
1014;0.0663;1.1319;4e-04;NA;NA;NA;NA;NA;NA;NA
1015;0.7698;1.0804;1.8289;NA;-0.306;0.0333;-0.3195;NA;NA;NA
1016;-1.5812;-1.4511;-1.4141;NA;-0.1999;0.0905;-0.1532;NA;NA;NA
1017;-0.1487;0.0459;-0.6396;NA;-0.0123;0.1611;0.1511;NA;NA;NA
1018;0.0188;0.0684;0.6129;NA;0.1879;0.2198;0.4943;NA;NA;NA
1019;1.3698;0.9469;2.6399;NA;0.332;0.2415;0.7769;NA;NA;NA
1020;2.6588;1.8774;3.1219;NA;0.4503;0.2021;1.0786;NA;NA;NA
1021;0.1938;-0.1626;0.4434;NA;0.5956;0.1166;1.4794;NA;NA;NA
1022;0.3728;-0.6196;0.5559;NA;0.7334;0.0193;1.8799;NA;NA;NA
1023;0.5978;0.7794;1.5244;NA;0.8289;-0.0554;2.181;NA;NA;NA
1024;-0.2402;-1.1136;1.0914;NA;0.8817;-0.1287;2.4197;NA;NA;NA
1025;1.5313;-0.1806;3.9464;NA;0.9149;-0.2282;2.67;NA;NA;NA
1026;0.5558;-1.6391;4.5304;NA;0.9292;-0.3298;2.8876;NA;NA;NA
1027;1.6983;0.5214;4.2184;NA;0.9255;-0.4094;3.0286;NA;NA;NA
1028;-0.3382;-2.0116;1.6429;NA;0.9025;-0.4735;3.1172;NA;NA;NA
1029;1.1638;0.2139;3.0624;NA;0.8605;-0.54;3.1882;NA;NA;NA
1030;1.0213;0.2629;1.3129;NA;0.8017;-0.6011;3.2129;NA;NA;NA
1031;1.0948;-0.0026;3.5264;NA;0.7288;-0.6494;3.1629;NA;NA;NA
1032;0.9223;-1.0956;4.4949;NA;0.6046;-0.6906;2.9748;NA;NA;NA
1033;0.5823;-1.0046;3.5024;NA;0.4259;-0.7291;2.665;NA;NA;NA
1034;0.3388;-0.9486;2.5074;NA;0.2458;-0.7556;2.3241;NA;NA;NA
1035;1.1793;0.0929;3.5499;NA;0.1173;-0.7606;2.0426;NA;NA;NA
1036;-0.6257;-1.0701;0.9339;NA;0.0084;-0.7331;1.7271;NA;NA;NA
1037;-0.2607;-1.1276;2.5614;NA;-0.1249;-0.6819;1.303;NA;NA;NA
1038;0.2093;-0.0311;0.1834;NA;-0.2479;-0.6271;0.8889;NA;NA;NA
1039;-1.6142;-1.7146;-1.6336;NA;-0.3257;-0.589;0.6039;NA;NA;NA
1040;-1.1052;-1.1891;0.0174;NA;-0.3669;-0.5559;0.3834;NA;NA;NA
1041;-0.5597;0.0459;0.5669;NA;-0.3972;-0.5099;0.1323;NA;NA;NA
1042;-1.4572;-1.6281;-0.5396;NA;-0.4074;-0.4624;-0.0761;NA;NA;NA
1043;-0.0322;0.2539;-0.4016;NA;-0.3882;-0.4246;-0.1687;NA;NA;NA
1044;0.1623;0.2154;-0.9516;NA;-0.2993;-0.3913;-0.0655;NA;NA;NA
1045;2.1213;1.6979;1.7984;NA;-0.1422;-0.3528;0.1888;NA;NA;NA
1046;-0.0217;0.2454;-1.1396;NA;0.0299;-0.3135;0.4801;NA;NA;NA
1047;-0.3052;-0.7156;1.0754;NA;0.1633;-0.2782;0.6941;NA;NA;NA
1048;-0.3092;-1.3591;0.2439;NA;0.2848;-0.2521;0.8983;NA;NA;NA
1049;0.0298;-0.6951;1.7869;NA;0.4343;-0.2354;1.1841;NA;NA;NA
1050;0.2403;-0.7356;1.3974;NA;0.578;-0.2248;1.473;NA;NA;NA
1051;-0.3297;-1.3026;1.5479;NA;0.6822;-0.217;1.6862;NA;NA;NA
1052;1.2508;-0.6911;3.8899;NA;0.7518;-0.223;1.8578;NA;NA;NA
1053;1.2743;0.6899;1.0814;NA;0.8121;-0.2444;2.0471;NA;NA;NA
1054;2.4363;0.5399;5.0134;NA;0.8595;-0.2643;2.2133;NA;NA;NA
1055;0.4988;0.5364;1.6509;NA;0.8904;-0.2657;2.3158;NA;NA;NA
1056;1.7048;1.2084;1.9089;NA;0.9036;-0.2357;2.3384;NA;NA;NA
1057;0.5973;-0.7536;-0.4256;NA;0.9026;-0.1845;2.3078;NA;NA;NA
1058;0.4033;-0.7701;2.2719;NA;0.8913;-0.1299;2.2476;NA;NA;NA
1059;-0.3957;-1.2231;1.8949;NA;0.8734;-0.0895;2.1814;NA;NA;NA
1060;0.7723;-0.6431;2.3519;NA;0.8154;-0.0678;2.0483;NA;NA;NA
1061;1.3373;-0.3551;3.1269;NA;0.7197;-0.0543;1.8473;NA;NA;NA
1062;2.7263;1.6039;4.2624;NA;0.6441;-0.0443;1.6917;NA;NA;NA
1063;-0.6117;-0.8281;1.7829;NA;0.5893;-0.0274;1.5675;NA;NA;NA
1064;0.1573;0.2649;0.6869;NA;0.5239;-0.0037;1.411;NA;NA;NA
1065;-1.4547;-1.5841;-1.7176;NA;0.458;0.015;1.2614;NA;NA;NA
1066;1.1758;0.9264;2.0849;NA;0.4016;0.017;1.1578;NA;NA;NA
1067;1.7343;1.5934;2.0989;NA;0.3318;-0.0178;1.069;NA;NA;NA
1068;0.1173;-0.0621;0.0144;NA;0.2405;-0.0806;0.9612;NA;NA;NA
1069;0.3713;0.1294;0.7609;NA;0.1601;-0.1397;0.8694;NA;NA;NA
1070;-0.1437;-0.7666;-0.1916;NA;0.1231;-0.1637;0.8287;NA;NA;NA
1071;-0.2102;-0.2986;0.2789;NA;0.1385;-0.1665;0.8675;NA;NA;NA
1072;2.0563;1.9004;3.3509;NA;0.1819;-0.1757;0.9655;NA;NA;NA
1073;-0.5652;-0.7306;-0.4481;NA;0.2359;-0.1795;1.0848;NA;NA;NA
1074;-0.9747;-2.5566;1.8714;NA;0.2829;-0.1664;1.1874;NA;NA;NA
1075;-1.1902;-1.9096;2.2019;NA;0.361;-0.1058;1.3282;NA;NA;NA
1076;-1.0122;-0.8521;-1.8761;NA;0.4855;-0.0036;1.5386;NA;NA;NA
1077;2.2493;1.7139;3.5544;NA;0.6049;0.0978;1.7451;NA;NA;NA
1078;1.6828;0.8879;3.6819;NA;0.6678;0.1557;1.8743;NA;NA;NA
1079;1.1223;0.7604;1.3634;NA;0.7119;0.2155;1.9684;NA;NA;NA
1080;1.1628;0.2409;2.1829;NA;0.7811;0.315;2.085;NA;NA;NA
1081;0.7223;0.6909;0.8754;NA;0.8334;0.4011;2.1734;NA;NA;NA
1082;1.1453;1.8209;0.7884;NA;0.827;0.4204;2.1828;NA;NA;NA
1083;0.8718;-0.2176;2.7774;NA;0.7304;0.3419;2.0877;NA;NA;NA
1084;0.6608;-0.1856;3.2669;NA;0.5697;0.2007;1.9245;NA;NA;NA
1085;0.2778;0.0129;2.6819;NA;0.3898;0.0422;1.7351;NA;NA;NA
1086;1.0023;0.1389;3.7319;NA;0.2354;-0.0879;1.5614;NA;NA;NA
1087;-0.3032;0.2014;0.7314;NA;0.0224;-0.2625;1.3027;NA;NA;NA
1088;0.2813;0.2814;1.4344;NA;-0.2892;-0.5218;0.9195;NA;NA;NA
1089;-2.5322;-2.6716;-2.2011;NA;-0.589;-0.7717;0.5461;NA;NA;NA
1090;-0.5397;-0.6156;0.4029;NA;-0.7663;-0.9176;0.3167;NA;NA;NA
1091;-0.1907;-1.2531;1.7384;NA;-0.8288;-0.9586;0.1925;NA;NA;NA
1092;-0.4422;-0.8516;0.1894;NA;-0.8589;-0.9638;0.0678;NA;NA;NA
1093;-0.8742;-0.8261;-1.9411;NA;-0.8577;-0.945;-0.0231;NA;NA;NA
1094;-1.9107;-1.7601;-0.9326;NA;-0.8266;-0.9136;-0.046;NA;NA;NA
1095;-1.7052;-1.7981;-0.5786;NA;-0.6929;-0.8033;0.094;NA;NA;NA
1096;-0.4952;0.0884;-0.0856;NA;-0.45;-0.6;0.3819;NA;NA;NA
1097;-0.8007;-0.5081;0.3669;NA;-0.1981;-0.3938;0.6871;NA;NA;NA
1098;-1.2842;-1.3591;-1.2401;NA;-0.0375;-0.275;0.879;NA;NA;NA
1099;0.9893;0.2104;3.2399;NA;0.0814;-0.2097;1.0236;NA;NA;NA
1100;1.5568;1.4969;2.9499;NA;0.2395;-0.1266;1.2263;NA;NA;NA
1101;1.5963;0.4684;3.3619;NA;0.3832;-0.0597;1.4156;NA;NA;NA
1102;0.4423;-0.5111;0.3344;NA;0.4589;-0.0429;1.5199;NA;NA;NA
1103;2.1778;1.2859;4.2434;NA;0.4436;-0.114;1.5104;NA;NA;NA
1104;0.7393;0.5004;1.4024;NA;0.3737;-0.2521;1.4341;NA;NA;NA
1105;-0.1127;-0.5416;1.0289;NA;0.2853;-0.4027;1.3333;NA;NA;NA
1106;-0.8627;-0.9876;-0.3181;NA;0.2142;-0.5114;1.2503;NA;NA;NA
1107;-0.7652;-1.5781;-0.3206;NA;0.0813;-0.6444;1.0926;NA;NA;NA
1108;-0.8502;-2.3026;-0.4011;NA;-0.1498;-0.8502;0.8191;NA;NA;NA
1109;-0.0947;-0.5191;1.4769;NA;-0.3785;-1.0475;0.5497;NA;NA;NA
1110;1.0018;0.3854;2.6724;NA;-0.5044;-1.1549;0.4045;NA;NA;NA
1111;-1.3862;-2.7351;-0.9786;NA;-0.5132;-1.1652;0.4341;NA;NA;NA
1112;-0.8837;-1.6031;1.4864;NA;-0.4753;-1.1351;0.5561;NA;NA;NA
1113;-2.2737;-2.4216;-1.9961;NA;-0.4173;-1.0794;0.6915;NA;NA;NA
1114;0.8198;0.9629;2.1764;NA;-0.3661;-1.0128;0.7608;NA;NA;NA
1115;1.9653;1.7434;0.2499;NA;-0.2752;-0.8884;0.8095;NA;NA;NA
1116;-2.4257;-3.1716;-1.0541;NA;-0.1212;-0.6913;0.9002;NA;NA;NA
1117;-0.3202;-1.2421;1.9139;NA;0.0345;-0.4851;0.979;NA;NA;NA
1118;-0.7412;-1.4156;0.8289;NA;0.131;-0.3332;0.9925;NA;NA;NA
1119;1.2233;0.1439;1.7879;NA;0.1888;-0.2064;0.9247;NA;NA;NA
1120;0.9498;0.5939;3.0564;NA;0.2561;-0.0552;0.816;NA;NA;NA
1121;1.6003;0.7999;3.0054;NA;0.3128;0.0877;0.6973;NA;NA;NA
1122;0.2693;0.9054;0.3714;NA;0.3386;0.1894;0.5997;NA;NA;NA
1123;1.2438;1.6179;-0.2976;NA;0.3106;0.2618;0.4434;NA;NA;NA
1124;-0.4852;-0.8236;0.2909;NA;0.2482;0.3265;0.2201;NA;NA;NA
1125;-1.3182;-0.8771;-3.3726;NA;0.1952;0.3654;0.0675;NA;NA;NA
1126;0.3998;0.4389;-0.4221;NA;0.1259;0.3519;-0.0193;NA;NA;NA
1127;-0.0102;0.3809;-0.6651;NA;0.0125;0.2927;-0.1194;NA;NA;NA
1128;-0.7037;-0.2491;0.1779;NA;-0.1045;0.22;-0.2065;NA;NA;NA
1129;0.3543;1.0619;0.2544;NA;-0.1847;0.1659;-0.2541;NA;NA;NA
1130;0.9213;1.0644;1.3479;NA;-0.2343;0.0943;-0.196;NA;NA;NA
1131;-0.1612;0.5724;-0.3366;NA;-0.2818;-0.0198;-0.0413;NA;NA;NA
1132;-1.2002;-0.5111;-1.6061;NA;-0.3201;-0.1284;0.1234;NA;NA;NA
1133;-1.3112;-1.6271;-0.3771;NA;-0.3423;-0.1835;0.2112;NA;NA;NA
1134;-0.2062;-0.0321;0.8404;NA;-0.3534;-0.1938;0.1988;NA;NA;NA
1135;-1.1322;-1.3496;0.2254;NA;-0.3595;-0.1968;0.148;NA;NA;NA
1136;1.7348;1.6554;2.5919;NA;-0.3553;-0.1879;0.0997;NA;NA;NA
1137;-0.4442;-0.8746;1.8749;NA;-0.3355;-0.1626;0.0951;NA;NA;NA
1138;0.4098;0.6144;0.3409;NA;-0.2934;-0.1023;0.1006;NA;NA;NA
1139;-1.9532;-2.7356;-1.3266;NA;-0.2327;-0.0084;0.0808;NA;NA;NA
1140;-1.1212;-0.0876;-1.9536;NA;-0.1633;0.0938;0.074;NA;NA;NA
1141;0.9643;1.7759;-0.2021;NA;-0.0952;0.1792;0.1182;NA;NA;NA
1142;0.8398;1.7464;1.0489;NA;-0.0188;0.2479;0.2292;NA;NA;NA
1143;0.6243;0.5389;0.3439;NA;0.0741;0.3208;0.378;NA;NA;NA
1144;-1.8352;-1.2771;-2.8126;NA;0.1717;0.4031;0.5364;NA;NA;NA
1145;-0.3227;1.0084;-0.4271;NA;0.2621;0.5002;0.6759;NA;NA;NA
1146;1.6898;2.0644;3.2234;NA;0.3682;0.6137;0.867;NA;NA;NA
1147;0.5468;0.4049;1.7684;NA;0.5007;0.7371;1.1419;NA;NA;NA
1148;1.5838;1.0544;3.6739;NA;0.6295;0.8638;1.4148;NA;NA;NA
1149;0.7373;0.3549;1.4459;NA;0.7247;0.9872;1.5999;NA;NA;NA
1150;-0.5422;-1.0076;2.2384;NA;0.7894;1.1287;1.697;NA;NA;NA
1151;-0.4487;-0.1241;-0.6341;NA;0.8461;1.2953;1.767;NA;NA;NA
1152;1.8903;2.7364;3.1414;NA;0.8935;1.4581;1.8159;NA;NA;NA
1153;2.2998;2.6529;2.5529;NA;0.9304;1.5884;1.8495;NA;NA;NA
1154;0.9063;1.4999;1.8259;NA;0.953;1.733;1.8071;NA;NA;NA
1155;1.7788;3.5559;1.7704;NA;0.9612;1.9188;1.6772;NA;NA;NA
1156;-0.3862;1.4179;0.1209;NA;0.9602;2.0867;1.5403;NA;NA;NA
1157;1.4053;2.9744;1.7559;NA;0.9549;2.1776;1.4765;NA;NA;NA
1158;0.8923;1.1534;2.2764;NA;0.9373;2.1749;1.5016;NA;NA;NA
1159;-0.4842;1.3744;0.2649;NA;0.9031;2.1205;1.559;NA;NA;NA
1160;0.7113;2.2629;1.3284;NA;0.8629;2.0422;1.6196;NA;NA;NA
1161;2.2228;3.4789;1.8199;NA;0.8271;1.9682;1.6548;NA;NA;NA
1162;1.4008;2.9829;2.1309;NA;0.7946;1.8566;1.7048;NA;NA;NA
1163;-0.2187;0.5364;0.3954;NA;0.7581;1.6824;1.7946;NA;NA;NA
1164;1.5193;2.2184;2.1724;NA;0.7181;1.4987;1.8723;NA;NA;NA
1165;-0.6457;-0.6596;0.9969;NA;0.6755;1.3586;1.8864;NA;NA;NA
1166;0.8568;1.3459;3.9134;NA;0.6315;1.2517;1.8262;NA;NA;NA
1167;1.0573;1.2924;2.3569;NA;0.5855;1.1374;1.7307;NA;NA;NA
1168;1.1078;1.2939;2.6394;NA;0.5347;1.0232;1.6224;NA;NA;NA
1169;-0.4162;-0.1986;1.7699;NA;0.4767;0.9166;1.5235;NA;NA;NA
1170;0.0043;0.4324;0.7489;NA;0.3854;0.7866;1.3888;NA;NA;NA
1171;0.9493;1.7029;1.0434;NA;0.2613;0.6282;1.1956;NA;NA;NA
1172;0.5973;1.3419;1.3764;NA;0.1421;0.4878;1.001;NA;NA;NA
1173;0.0793;0.8719;0.0224;NA;0.0653;0.4122;0.8619;NA;NA;NA
1174;0.5848;1.0034;-0.0116;NA;0.0246;0.4099;0.7462;NA;NA;NA
1175;-0.1812;0.4179;0.6329;NA;-0.009;0.4454;0.6081;NA;NA;NA
1176;-0.9997;-0.5031;-0.9891;NA;-0.0319;0.499;0.4843;NA;NA;NA
1177;0.0523;0.1059;1.1129;NA;-0.041;0.5509;0.4112;NA;NA;NA
1178;-0.2552;0.3069;0.2684;NA;-0.0033;0.6523;0.4352;NA;NA;NA
1179;-0.4087;-0.3941;1.0459;NA;0.0802;0.8197;0.5359;NA;NA;NA
1180;-0.8372;-1.1696;0.9039;NA;0.1624;0.9819;0.6502;NA;NA;NA
1181;0.6623;1.8804;1.4484;NA;0.1963;1.0676;0.7152;NA;NA;NA
1182;-0.1812;1.1984;0.8194;NA;0.1966;1.1026;0.7632;NA;NA;NA
1183;1.9903;3.8599;1.9184;NA;0.2027;1.1476;0.843;NA;NA;NA
1184;-0.3832;1.1794;-1.4221;NA;0.2048;1.1838;0.9157;NA;NA;NA
1185;1.3638;3.3709;-0.2546;NA;0.1928;1.1922;0.9426;NA;NA;NA
1186;0.3113;1.1239;1.0569;NA;0.1557;1.1533;0.9139;NA;NA;NA
1187;0.7933;1.2239;2.1164;NA;0.1017;1.0831;0.8606;NA;NA;NA
1188;0.5168;0.9614;3.1899;NA;0.0498;1.015;0.805;NA;NA;NA
1189;-0.7887;0.2084;0.8389;NA;-0.0143;0.9126;0.7308;NA;NA;NA
1190;-1.5872;-1.3361;-0.0116;NA;-0.1056;0.7486;0.6248;NA;NA;NA
1191;-1.5162;-0.5126;-0.6751;NA;-0.2058;0.5709;0.5143;NA;NA;NA
1192;-1.0982;-0.6866;-0.5796;NA;-0.297;0.4273;0.4264;NA;NA;NA
1193;1.0663;1.2644;1.3739;NA;-0.3938;0.3092;0.3253;NA;NA;NA
1194;-0.1422;0.8909;-0.0851;NA;-0.5078;0.1859;0.1863;NA;NA;NA
1195;0.5763;1.9284;1.1409;NA;-0.6154;0.0726;0.0538;NA;NA;NA
1196;-1.0382;-0.2691;-0.0321;NA;-0.6935;-0.0156;-0.0276;NA;NA;NA
1197;-0.8077;-0.0506;-0.9086;NA;-0.7297;-0.0698;-0.0353;NA;NA;NA
1198;-0.0732;0.5739;-1.0251;NA;-0.7405;-0.1009;9e-04;NA;NA;NA
1199;-0.3732;-0.0706;0.8304;NA;-0.7457;-0.1234;0.0461;NA;NA;NA
1200;-0.6822;0.0784;-0.2006;NA;-0.7651;-0.1519;0.0655;NA;NA;NA
1201;-2.5737;-1.7121;-0.7056;NA;-0.8043;-0.2113;0.0817;NA;NA;NA
1202;-1.6962;-1.1501;0.4404;NA;-0.8514;-0.2957;0.1222;NA;NA;NA
1203;-0.7457;-0.8111;1.4519;NA;-0.9;-0.3733;0.1603;NA;NA;NA
1204;-1.1557;-0.0986;-0.8586;NA;-0.9436;-0.4125;0.1692;NA;NA;NA
1205;-1.4697;-0.4476;-1.2261;NA;-0.9383;-0.3637;0.1721;NA;NA;NA
1206;-0.4367;-0.5716;1.9589;NA;-0.8826;-0.2437;0.1916;NA;NA;NA
1207;1.7383;1.2799;1.9429;NA;-0.8339;-0.1204;0.1997;NA;NA;NA
1208;-0.6472;1.0024;0.5419;NA;-0.8496;-0.0616;0.1688;NA;NA;NA
1209;-1.5957;-0.5806;0.2339;NA;-0.9358;-0.0459;0.0645;NA;NA;NA
1210;-2.8222;-2.3946;-2.4456;NA;-1.051;-0.0213;-0.0974;NA;NA;NA
1211;-0.5057;0.8584;-0.7086;NA;-1.1813;-0.0104;-0.2696;NA;NA;NA
1212;-1.5787;-0.2251;-1.5381;NA;-1.3128;-0.0357;-0.4047;NA;NA;NA
1213;-1.0452;0.4774;0.2474;NA;-1.5167;-0.1383;-0.5573;NA;NA;NA
1214;0.0183;2.3074;2.6309;NA;-1.8097;-0.3056;-0.7658;NA;NA;NA
1215;-2.2342;-1.1161;-1.4086;NA;-2.0964;-0.4792;-0.9582;NA;NA;NA
1216;-2.0432;-0.6186;-2.2006;NA;-2.2817;-0.6009;-1.0625;NA;NA;NA
1217;-2.2777;-0.4791;0.4189;NA;-2.3823;-0.7074;-1.0675;NA;NA;NA
1218;-2.7772;-0.8821;-2.5386;NA;-2.4704;-0.8456;-1.0256;NA;NA;NA
1219;-4.4772;-2.4901;-2.0126;NA;-2.534;-0.9721;-0.9606;NA;NA;NA
1220;-4.2972;-2.8116;-2.3061;NA;-2.561;-1.0435;-0.896;NA;NA;NA
1221;-2.3527;-0.8091;-0.8601;NA;-2.511;-1.0496;-0.7777;NA;NA;NA
1222;-2.7942;-1.3661;-1.4701;NA;-2.3905;-1.0229;-0.5858;NA;NA;NA
1223;-1.2152;0.5009;0.3459;NA;-2.2574;-0.9839;-0.3958;NA;NA;NA
1224;-1.7532;-0.6416;0.7959;NA;-2.17;-0.9531;-0.2828;NA;NA;NA
1225;-1.2092;-0.5556;1.2909;NA;-2.0952;-0.9007;-0.2222;NA;NA;NA
1226;-2.6197;-2.1966;-1.9476;NA;-1.9823;-0.8048;-0.1504;NA;NA;NA
1227;-1.7202;-0.8181;1.4479;NA;-1.8633;-0.6977;-0.0846;NA;NA;NA
1228;-0.2697;-0.0736;0.9844;NA;-1.7698;-0.612;-0.0419;NA;NA;NA
1229;-1.8752;0.0424;-0.7111;NA;-1.729;-0.5538;-0.0756;NA;NA;NA
1230;-0.7287;1.0284;1.8839;NA;-1.724;-0.5021;-0.182;NA;NA;NA
1231;-1.4097;-0.0951;0.4604;NA;-1.7201;-0.4485;-0.2926;NA;NA;NA
1232;-2.4942;-0.8801;-2.1056;NA;-1.6824;-0.3847;-0.3392;NA;NA;NA
1233;-2.8292;-1.1581;-1.9821;NA;-1.6029;-0.2823;-0.3282;NA;NA;NA
1234;-2.6532;-1.5811;-1.9646;NA;-1.5078;-0.1466;-0.3127;NA;NA;NA
1235;-3.5442;-2.0876;-2.5666;NA;-1.4144;-0.0194;-0.2944;NA;NA;NA
1236;-0.2612;1.2699;1.7304;NA;-1.3399;0.0574;-0.2748;NA;NA;NA
1237;-0.4092;0.5394;1.0454;NA;-1.2665;0.0966;-0.216;NA;NA;NA
1238;-0.4142;0.8399;-0.9321;NA;-1.1764;0.132;-0.1091;NA;NA;NA
1239;-1.5452;-0.2946;-0.0736;NA;-1.0869;0.1533;0;NA;NA;NA
1240;0.3298;1.6939;1.0009;NA;-1.0153;0.1503;0.0658;NA;NA;NA
1241;-0.1192;0.2504;2.4529;NA;-0.9692;0.1042;0.1108;NA;NA;NA
1242;-0.5387;1.2344;-0.1811;NA;-0.9359;0.0225;0.1716;NA;NA;NA
1243;-1.0767;0.0389;0.0279;NA;-0.9026;-0.0651;0.2229;NA;NA;NA
1244;-1.0207;-0.5986;-0.1611;NA;-0.8565;-0.1293;0.2398;NA;NA;NA
1245;-1.5157;-0.9186;-0.0481;NA;-0.7861;-0.1785;0.2145;NA;NA;NA
1246;-1.3517;-0.2276;-0.6481;NA;-0.7061;-0.2414;0.1585;NA;NA;NA
1247;-1.5827;-1.1846;-0.1901;NA;-0.6427;-0.3192;0.0765;NA;NA;NA
1248;-2.4832;-2.9061;-1.5211;NA;-0.6223;-0.4132;-0.0272;NA;NA;NA
1249;-0.0417;-0.0476;0.2339;NA;-0.6206;-0.5173;-0.1866;NA;NA;NA
1250;-0.3462;-0.3621;-0.6251;NA;-0.6156;-0.6251;-0.3891;NA;NA;NA
1251;0.1153;-0.1616;1.2519;NA;-0.6366;-0.7374;-0.5603;NA;NA;NA
1252;-0.5112;-0.9956;-0.6751;NA;-0.709;-0.876;-0.7181;NA;NA;NA
1253;1.2713;1.0749;0.8189;NA;-0.8166;-1.0395;-0.9049;NA;NA;NA
1254;0.9778;0.4834;0.8459;NA;-0.9268;-1.1939;-1.0835;NA;NA;NA
1255;-0.2447;-0.2361;-2.0571;NA;-1.007;-1.3054;-1.217;NA;NA;NA
1256;-1.4297;-1.2681;-2.9656;NA;-1.1041;-1.4043;-1.3539;NA;NA;NA
1257;-2.3012;-2.1266;-1.8826;NA;-1.252;-1.5238;-1.5301;NA;NA;NA
1258;-5.2567;-6.0781;-4.5821;NA;-1.3984;-1.634;-1.6889;NA;NA;NA
1259;-2.2647;-2.7421;-3.2451;NA;-1.4911;-1.7051;-1.7738;NA;NA;NA
1260;-1.0377;-1.1601;-0.0121;NA;-1.5409;-1.7429;-1.8033;NA;NA;NA
1261;-1.5997;-1.8581;-0.8811;NA;-1.5863;-1.7694;-1.8178;NA;NA;NA
1262;-0.1627;-0.1946;0.8804;NA;-1.617;-1.7795;-1.7939;NA;NA;NA
1263;-2.7217;-3.0381;-3.3416;NA;-1.6222;-1.7681;-1.708;NA;NA;NA
1264;-1.5912;-2.0201;-3.0361;NA;-1.5692;-1.702;-1.5056;NA;NA;NA
1265;0.2168;0.6759;1.5959;NA;-1.4569;-1.5761;-1.1978;NA;NA;NA
1266;-0.2837;0.2544;-1.9741;NA;-1.3232;-1.4272;-0.8594;NA;NA;NA
1267;-0.9927;-1.3026;-1.2141;NA;-1.2058;-1.2923;-0.5653;NA;NA;NA
1268;-1.4022;-1.8421;-1.8561;NA;-1.1097;-1.1688;-0.2866;NA;NA;NA
1269;-0.8847;-0.8286;0.9854;NA;-1.0135;-1.0361;0.0303;NA;NA;NA
1270;-1.2507;-1.5476;0.8589;NA;-0.9156;-0.9037;0.3472;NA;NA;NA
1271;-2.6647;-2.9741;-0.7576;NA;-0.8145;-0.7813;0.626;NA;NA;NA
1272;-1.9287;-1.6036;-0.0586;NA;-0.6911;-0.6469;0.904;NA;NA;NA
1273;-0.9472;-0.7501;1.7859;NA;-0.5434;-0.4896;1.2175;NA;NA;NA
1274;0.1283;-0.0651;3.2034;NA;-0.3951;-0.3359;1.5268;NA;NA;NA
1275;1.2328;1.3954;3.9474;NA;-0.2701;-0.2124;1.7921;NA;NA;NA
1276;1.5168;1.8744;3.8434;NA;-0.1199;-0.0762;2.038;NA;NA;NA
1277;-1.4422;-1.5561;0.3439;NA;0.0788;0.0985;2.2918;NA;NA;NA
1278;0.5908;1.1454;-0.0176;NA;0.2651;0.2595;2.5177;NA;NA;NA
1279;0.5913;0.8479;2.1364;NA;0.3783;0.3546;2.6799;NA;NA;NA
1280;0.4298;0.0389;2.4379;NA;0.3877;0.3345;2.7488;NA;NA;NA
1281;0.7348;0.5254;3.1554;NA;0.3339;0.2309;2.7479;NA;NA;NA
1282;-0.7547;-1.2371;2.9954;NA;0.2622;0.113;2.7217;NA;NA;NA
1283;0.3988;0.3184;2.7304;NA;0.2181;0.05;2.7146;NA;NA;NA
1284;1.1148;0.8089;4.4084;NA;0.1583;0.0036;2.7018;NA;NA;NA
1285;0.4053;0.2444;4.7189;NA;0.0458;-0.0808;2.6515;NA;NA;NA
1286;0.0063;-0.3291;2.8769;NA;-0.065;-0.1587;2.5975;NA;NA;NA
1287;-0.2187;-0.2676;0.5369;NA;-0.1197;-0.1853;2.5737;NA;NA;NA
1288;-1.0482;-1.2556;1.3624;NA;-0.126;-0.1444;2.5513;NA;NA;NA
1289;-0.5977;-0.5236;1.9554;NA;-0.1255;-0.0672;2.4984;NA;NA;NA
1290;-0.4037;-0.4741;3.5939;NA;-0.1147;0.0191;2.4443;NA;NA;NA
1291;-1.1257;-0.7521;1.8894;NA;-0.0899;0.0877;2.4185;NA;NA;NA
1292;0.2963;0.9204;0.5374;NA;-0.0368;0.159;2.4541;NA;NA;NA
1293;0.0523;0.7929;2.1959;NA;0.0451;0.2566;2.5346;NA;NA;NA
1294;1.7748;2.0804;4.4844;NA;0.1383;0.3576;2.6137;NA;NA;NA
1295;0.9358;0.9514;2.9494;NA;0.2254;0.4394;2.6454;NA;NA;NA
1296;-0.1082;-0.4676;2.4674;NA;0.3355;0.5176;2.6609;NA;NA;NA
1297;-0.4727;0.2579;2.1174;NA;0.4842;0.61;2.6995;NA;NA;NA
1298;0.9163;0.6999;3.6459;NA;0.6333;0.6963;2.7272;NA;NA;NA
1299;0.7533;0.9889;3.1394;NA;0.7446;0.7563;2.71;NA;NA;NA
1300;0.5708;0.2799;2.9899;NA;0.8277;0.7843;2.6233;NA;NA;NA
1301;0.9733;0.7764;3.0594;NA;0.9099;0.7931;2.4876;NA;NA;NA
1302;0.2488;0.1434;2.3229;NA;0.9796;0.7898;2.3364;NA;NA;NA
1303;1.5688;1.0254;2.2134;NA;1.0252;0.7818;2.2033;NA;NA;NA
1304;0.9788;0.6029;0.0494;NA;1.0559;0.773;2.0541;NA;NA;NA
1305;1.7253;1.6584;2.0854;NA;1.0829;0.761;1.8606;NA;NA;NA
1306;0.1638;-0.1736;0.2904;NA;1.0978;0.7437;1.6664;NA;NA;NA
1307;2.3688;2.3099;3.0949;NA;1.0923;0.7186;1.5147;NA;NA;NA
1308;1.6613;1.4369;2.1399;NA;1.058;0.677;1.4316;NA;NA;NA
1309;0.5713;-0.0946;1.5909;NA;0.9986;0.6182;1.3874;NA;NA;NA
1310;-0.5032;-1.2881;-0.2251;NA;0.9238;0.5515;1.3411;NA;NA;NA
1311;1.6703;1.3894;1.7189;NA;0.8432;0.4861;1.2521;NA;NA;NA
1312;1.4603;1.2619;1.5724;NA;0.7229;0.4065;1.1362;NA;NA;NA
1313;0.0383;-0.7496;0.0529;NA;0.5646;0.3093;1.0241;NA;NA;NA
1314;0.4543;0.8754;1.4404;NA;0.4312;0.2217;0.8971;NA;NA;NA
1315;-1.5242;-2.2241;-0.3126;NA;0.321;0.1588;0.7192;NA;NA;NA
1316;1.1698;1.1824;1.3939;NA;0.1985;0.1067;0.4957;NA;NA;NA
1317;1.9428;2.1234;2.3019;NA;0.0763;0.0499;0.2704;NA;NA;NA
1318;-0.4682;-0.7506;0.7729;NA;-0.0333;-0.0271;0.087;NA;NA;NA
1319;-0.4012;-0.2176;0.3494;NA;-0.159;-0.1487;-0.1131;NA;NA;NA
1320;-0.7812;-0.9951;-1.3186;NA;-0.3113;-0.304;-0.3664;NA;NA;NA
1321;-1.2902;-0.4766;-3.0786;NA;-0.4506;-0.4564;-0.5965;NA;NA;NA
1322;-0.5857;-0.2086;-0.9096;NA;-0.5375;-0.5689;-0.7267;NA;NA;NA
1323;-0.2877;-0.6046;-1.2831;NA;-0.5758;-0.6695;-0.7541;NA;NA;NA
1324;1.3378;1.2994;1.8499;NA;-0.5957;-0.7884;-0.7368;NA;NA;NA
1325;-0.8177;-1.2201;-1.0491;NA;-0.5966;-0.8929;-0.6894;NA;NA;NA
1326;-0.9102;-1.3631;-1.0746;NA;-0.5781;-0.95;-0.627;NA;NA;NA
1327;-1.3757;-2.7161;-1.6306;NA;-0.5213;-0.9575;-0.4757;NA;NA;NA
1328;-1.8782;-1.7681;-2.2126;NA;-0.4252;-0.9404;-0.2164;NA;NA;NA
1329;-1.2032;-1.5036;-0.8926;NA;-0.3163;-0.9067;0.0543;NA;NA;NA
1330;0.7883;-0.0211;2.6914;NA;-0.2208;-0.8644;0.2398;NA;NA;NA
1331;-0.1042;-1.7246;0.8379;NA;-0.1274;-0.7966;0.3636;NA;NA;NA
1332;0.8833;0.5179;1.4054;NA;-0.0135;-0.6932;0.5005;NA;NA;NA
1333;0.4223;-0.2826;0.7334;NA;0.1104;-0.573;0.6308;NA;NA;NA
1334;2.0478;1.5914;2.9914;NA;0.234;-0.4549;0.7348;NA;NA;NA
1335;0.2488;-1.0261;0.8484;NA;0.3963;-0.3005;0.8079;NA;NA;NA
1336;0.1453;-0.2776;0.1604;NA;0.6063;-0.0937;0.8614;NA;NA;NA
1337;-0.7982;-0.5031;-0.7846;NA;0.8089;0.1134;0.8994;NA;NA;NA
1338;-0.0727;-0.3611;0.7544;NA;0.9491;0.269;0.9266;NA;NA;NA
1339;0.8043;-0.2041;-0.4276;NA;1.0328;0.3806;0.894;NA;NA;NA
1340;0.4943;-0.4646;-0.1456;NA;1.1005;0.4852;0.7937;NA;NA;NA
1341;1.6543;0.9959;1.6734;NA;1.1485;0.5753;0.6915;NA;NA;NA
1342;2.8563;2.1609;2.1529;NA;1.1732;0.6435;0.6531;NA;NA;NA
1343;1.4263;0.2574;1.1739;NA;1.1699;0.6897;0.6715;NA;NA;NA
1344;3.4553;3.0949;3.3364;NA;1.144;0.7221;0.7005;NA;NA;NA
1345;-0.0882;-0.6221;-1.3521;NA;1.1065;0.7458;0.7468;NA;NA;NA
1346;-0.0952;-0.3336;-1.3411;NA;1.0685;0.766;0.8169;NA;NA;NA
1347;1.5953;2.2149;2.0409;NA;0.989;0.7509;0.9184;NA;NA;NA
1348;1.4358;1.5679;1.4719;NA;0.8527;0.6916;1.0448;NA;NA;NA
1349;0.0413;0.0654;0.3499;NA;0.7099;0.6278;1.1808;NA;NA;NA
1350;-0.4277;-1.0281;-0.3876;NA;0.6108;0.599;1.3114;NA;NA;NA
1351;0.7828;1.0169;2.4844;NA;0.5572;0.6042;1.5057;NA;NA;NA
1352;0.0398;0.1839;2.3779;NA;0.5129;0.6135;1.7807;NA;NA;NA
1353;0.5778;0.6559;1.8904;NA;0.4701;0.6235;2.0434;NA;NA;NA
1354;-0.2397;-0.0266;0.8904;NA;0.4215;0.6307;2.2008;NA;NA;NA
1355;0.1618;0.5679;1.5269;NA;0.3907;0.6718;2.2885;NA;NA;NA
1356;0.2473;0.3459;2.5884;NA;0.3879;0.7544;2.3811;NA;NA;NA
1357;1.7243;1.8644;4.7979;NA;0.3851;0.8312;2.4441;NA;NA;NA
1358;1.2063;1.5249;3.9109;NA;0.3542;0.8547;2.4431;NA;NA;NA
1359;1.5108;1.7299;3.7679;NA;0.288;0.8294;2.3381;NA;NA;NA
1360;0.1528;0.1379;2.8434;NA;0.2058;0.7909;2.149;NA;NA;NA
1361;-1.5727;0.2004;-0.4086;NA;0.1192;0.7388;1.9306;NA;NA;NA
1362;-0.0037;1.4114;1.2724;NA;0.0399;0.6729;1.7381;NA;NA;NA
1363;-0.3567;0.7199;0.8259;NA;-0.0657;0.5486;1.4889;NA;NA;NA
1364;-0.6362;-0.1921;-0.4096;NA;-0.2108;0.3605;1.1337;NA;NA;NA
1365;0.0153;0.2814;1.4839;NA;-0.3532;0.1674;0.777;NA;NA;NA
1366;-0.3402;-0.1541;1.0619;NA;-0.4507;0.0284;0.5234;NA;NA;NA
1367;0.7523;1.7494;2.5584;NA;-0.5104;-0.0887;0.3578;NA;NA;NA
1368;-1.4332;-1.6516;-0.6781;NA;-0.5618;-0.2288;0.2051;NA;NA;NA
1369;-1.6397;-2.0726;-1.4081;NA;-0.5959;-0.3534;0.0794;NA;NA;NA
1370;-0.0122;0.3994;0.3254;NA;-0.6039;-0.4235;-0.0048;NA;NA;NA
1371;0.0418;0.0179;-0.5551;NA;-0.5685;-0.4164;-0.0266;NA;NA;NA
1372;-0.5657;-0.5601;0.5579;NA;-0.4964;-0.3594;0.004;NA;NA;NA
1373;-0.7742;-0.3961;-0.9306;NA;-0.4145;-0.2891;0.0543;NA;NA;NA
1374;-0.5757;-0.2641;0.6259;NA;-0.3501;-0.242;0.0917;NA;NA;NA
1375;-0.9732;-1.2641;-0.0886;NA;-0.2769;-0.164;0.1445;NA;NA;NA
1376;-0.3292;-0.0356;-0.4221;NA;-0.1798;-0.0388;0.2319;NA;NA;NA
1377;0.1328;0.4354;1.4859;NA;-0.1022;0.0404;0.3076;NA;NA;NA
1378;0.2423;0.1209;1.0249;NA;-0.035;0.0661;0.3979;NA;NA;NA
1379;0.6998;0.8329;0.3144;NA;0.0476;0.0902;0.5314;NA;NA;NA
1380;0.5328;1.0309;0.3264;NA;0.1265;0.108;0.6651;NA;NA;NA
1381;0.5108;0.8124;1.2474;NA;0.1829;0.1151;0.756;NA;NA;NA
1382;-0.3547;-0.5451;-0.0931;NA;0.2081;0.0855;0.7976;NA;NA;NA
1383;0.0523;-0.5251;0.9794;NA;0.2147;0.0194;0.8198;NA;NA;NA
1384;0.6368;0.4649;1.9584;NA;0.2153;-0.049;0.8337;NA;NA;NA
1385;0.2878;0.0924;0.1769;NA;0.2224;-0.0853;0.8506;NA;NA;NA
1386;-1.1407;-1.3401;-0.3636;NA;0.2223;-0.0991;0.8648;NA;NA;NA
1387;0.9853;0.0729;2.3414;NA;0.2039;-0.1182;0.8681;NA;NA;NA
1388;-0.4557;-1.4676;0.4549;NA;0.1841;-0.1353;0.8687;NA;NA;NA
1389;1.4448;1.0449;1.7534;NA;0.18;-0.1429;0.8747;NA;NA;NA
1390;0.3513;-0.4541;1.3934;NA;0.2047;-0.1124;0.8971;NA;NA;NA
1391;-0.9582;-0.7791;-0.4411;NA;0.2472;-0.0442;0.9294;NA;NA;NA
1392;0.0763;0.6049;0.3704;NA;0.2884;0.0248;0.9537;NA;NA;NA
1393;0.8193;0.8854;1.1639;NA;0.3094;0.0576;0.9517;NA;NA;NA
1394;-0.1437;-0.1721;0.0194;NA;0.3101;0.0652;0.913;NA;NA;NA
1395;0.1768;-0.0291;0.3384;NA;0.3052;0.0757;0.8515;NA;NA;NA
1396;0.7568;0.3884;2.0634;NA;0.2973;0.0779;0.7863;NA;NA;NA
1397;0.8348;0.6849;2.3629;NA;0.289;0.0607;0.7364;NA;NA;NA
1398;1.5373;0.8059;2.3024;NA;0.2881;0.0156;0.7023;NA;NA;NA
1399;-0.6402;-1.5356;-0.6431;NA;0.2924;-0.0517;0.6694;NA;NA;NA
1400;-0.2362;-0.4446;-0.3351;NA;0.2903;-0.1307;0.6349;NA;NA;NA
1401;-0.1082;-0.6416;0.4664;NA;0.2699;-0.2113;0.5959;NA;NA;NA
1402;-0.0752;-0.1071;-0.4246;NA;0.2194;-0.3117;0.5366;NA;NA;NA
1403;0.2508;0.1464;0.3394;NA;0.1456;-0.4409;0.4555;NA;NA;NA
1404;-0.0207;-0.6086;0.1804;NA;0.0654;-0.574;0.3715;NA;NA;NA
1405;0.4913;-0.6901;1.1739;NA;-0.0045;-0.686;0.3032;NA;NA;NA
1406;0.0038;-0.9416;-0.5016;NA;-0.0891;-0.8093;0.2374;NA;NA;NA
1407;-0.1212;-0.6531;0.4494;NA;-0.2008;-0.9632;0.1628;NA;NA;NA
1408;1.2768;0.4384;2.2194;NA;-0.3037;-1.1034;0.1017;NA;NA;NA
1409;-0.9547;-2.2776;-0.1206;NA;-0.3619;-1.1856;0.0761;NA;NA;NA
1410;-0.4642;-1.1186;-0.0841;-1.6676;-0.3741;-1.2093;0.0947;NA;NA;NA
1411;-0.8412;-1.5371;-0.1521;-2.8281;-0.3687;-1.2093;0.1391;NA;NA;NA
1412;-1.3152;-1.7156;-0.7291;-0.8986;-0.3552;-1.1948;0.1911;NA;NA;NA
1413;0.0683;-0.9261;0.5314;0.4909;-0.343;-1.1749;0.2326;NA;NA;NA
1414;-1.3732;-2.6701;-1.0956;-2.1211;-0.2956;-1.0973;0.2939;NA;NA;NA
1415;-0.5882;-1.5141;0.1089;-1.2631;-0.2029;-0.9507;0.39;NA;NA;NA
1416;-0.6807;-1.1011;-0.4551;-1.6781;-0.1143;-0.8058;0.4801;NA;NA;NA
1417;0.2508;-0.4031;0.8319;-0.0301;-0.0792;-0.7332;0.5231;NA;NA;NA
1418;1.6058;1.0229;2.7089;1.1739;-0.0973;-0.7288;0.5177;NA;NA;NA
1419;-0.0362;-0.6751;0.6469;0.3604;-0.1282;-0.7361;0.4985;NA;NA;NA
1420;0.0028;-0.4571;0.3074;-0.5861;-0.1609;-0.7472;0.479;NA;NA;NA
1421;1.2508;0.9259;1.5774;-0.2066;-0.1846;-0.754;0.4727;NA;NA;NA
1422;0.2533;-0.4906;1.6879;-0.0531;-0.2375;-0.8001;0.451;NA;NA;NA
1423;-0.1162;-0.8416;0.8219;-0.4621;-0.3347;-0.8987;0.3973;NA;NA;NA
1424;-1.2387;-1.2281;-1.2791;-3.3621;-0.4305;-0.9962;0.3438;NA;NA;NA
1425;-0.9377;-1.3196;0.2754;0.0599;-0.479;-1.0395;0.3222;-1.5539;NA;NA
1426;-2.0207;-2.8291;-1.5461;-2.6126;-0.4879;-1.04;0.3314;-1.7519;NA;NA
1427;-2.3942;-3.2366;-1.7251;-3.8901;-0.4931;-1.0404;0.3463;-1.9374;NA;NA
1428;0.1863;-0.4601;1.4014;-2.9921;-0.4906;-1.0333;0.3627;-2.0548;NA;NA
1429;-0.2982;-1.2006;0.2284;-2.8186;-0.4769;-1.0114;0.3769;-2.0749;NA;NA
1430;-0.5837;-1.2916;0.1759;-2.6661;-0.3987;-0.9129;0.4398;-2.0246;NA;NA
1431;0.9188;0.7469;2.2514;-0.2656;-0.2506;-0.7338;0.5629;-1.9325;NA;NA
1432;0.8558;0.4999;2.0179;0.8639;-0.1;-0.5534;0.6831;-1.8274;NA;NA
1433;-0.1727;-0.5696;0.5159;-1.0161;-0.0143;-0.4509;0.7374;-1.738;NA;NA
1434;-0.4277;-0.7281;0.5499;-3.6876;0.0271;-0.4059;0.735;-1.6358;NA;NA
1435;0.5153;0.2209;1.0654;-1.2426;0.0749;-0.3584;0.7219;-1.4942;NA;NA
1436;0.2333;-0.2786;0.4474;-2.1321;0.1061;-0.3291;0.6901;-1.3447;NA;NA
1437;0.1218;-0.0646;0.5524;-1.9786;0.0978;-0.3385;0.6314;-1.2185;NA;NA
1438;-0.0057;-0.4436;-0.1601;-1.4561;0.0116;-0.4464;0.4957;-1.1472;NA;NA
1439;-0.2167;-0.6736;0.6809;-0.7436;-0.1284;-0.626;0.2977;-1.1202;NA;NA
1440;-0.0132;-0.5581;0.7834;1.2144;-0.2518;-0.7678;0.1265;-1.1061;NA;NA
1441;-1.2542;-1.7366;-1.2831;-1.9376;-0.3804;-0.8898;-0.0316;-1.1055;NA;NA
1442;-0.5122;-0.9541;-0.1376;-0.5081;-0.5536;-1.0536;-0.2248;-1.1188;NA;NA
1443;-0.3842;-1.0976;-0.7236;-1.8461;-0.7271;-1.2151;-0.4154;-1.1464;NA;NA
1444;-0.6092;-1.6976;0.1829;-1.1931;-0.8566;-1.33;-0.5659;-1.2291;NA;NA
1445;-0.6772;-1.1766;-0.1866;-1.4891;-0.9673;-1.4109;-0.7004;-1.3726;NA;NA
1446;-0.7567;-1.5776;-0.4481;-2.2956;-1.0939;-1.4905;-0.8487;-1.5245;NA;NA
1447;-1.6217;-2.0026;-1.2116;-1.5116;-1.2066;-1.5551;-0.9816;-1.6325;NA;NA
1448;-1.3397;-1.1371;-1.0866;0.2929;-1.2757;-1.591;-1.0699;-1.6908;NA;NA
1449;-1.6877;-1.3306;-1.9656;-2.7916;-1.2923;-1.5757;-1.1123;-1.7328;NA;NA
1450;-1.4092;-1.4101;-1.1741;-1.8256;-1.2785;-1.5178;-1.1312;-1.7644;NA;NA
1451;-1.9742;-2.1096;-1.7751;-2.1251;-1.2506;-1.4499;-1.1327;-1.7913;NA;NA
1452;-1.7272;-2.0631;-1.3086;-2.8946;-1.2249;-1.405;-1.1232;-1.8195;NA;NA
1453;-0.4067;-0.8616;-0.5496;-0.7021;-1.1663;-1.3606;-1.0661;-1.8306;NA;NA
1454;-1.1047;-1.6366;-1.1511;-3.4996;-1.0588;-1.2905;-0.9533;-1.8179;NA;NA
1455;-1.0777;-1.3121;-1.0856;-3.0626;-0.9476;-1.222;-0.8332;-1.8054;NA;NA
1456;-0.7632;-0.8371;-0.7236;-1.5321;-0.8779;-1.1824;-0.7546;-1.8173;NA;NA
1457;-0.5847;-0.6596;-0.4731;-0.2831;-0.8262;-1.1657;-0.6833;-1.8774;NA;NA
1458;0.0148;-0.2291;-0.1291;0.7409;-0.7565;-1.1503;-0.5791;-1.9826;NA;NA
1459;-0.7777;-1.3056;-0.0686;-1.8291;-0.6948;-1.1396;-0.482;-2.1094;NA;NA
1460;-0.7042;-1.4541;-0.2351;-2.1006;-0.6671;-1.1373;-0.4318;-2.2511;NA;NA
1461;-0.8827;-1.7326;-1.1576;-4.3401;-0.6626;-1.1254;-0.4075;-2.4008;NA;NA
1462;-0.4107;-0.5031;0.2159;-1.5691;-0.6636;-1.1023;-0.3804;-2.5519;NA;NA
1463;-1.1192;-1.4726;-0.5691;-4.8471;-0.6855;-1.096;-0.3784;-2.7357;NA;NA
1464;-0.4837;-1.5526;-0.4741;-2.9306;-0.7438;-1.1348;-0.4295;-2.9655;NA;NA
1465;-1.1187;-1.3116;-0.3356;-2.8346;-0.8638;-1.2241;-0.572;-3.2076;NA;NA
1466;-1.8937;-2.4156;-1.9026;-4.7301;-1.0353;-1.3425;-0.7874;-3.4286;NA;NA
1467;-1.6137;-1.8731;-1.3796;-3.8606;-1.2203;-1.4775;-1.0189;-3.6417;NA;NA
1468;0.2413;0.0609;0.0069;-2.7226;-1.3808;-1.6166;-1.2095;-3.8679;NA;NA
1469;-0.7917;-0.3506;-0.4886;-1.8076;-1.5815;-1.8084;-1.4455;-4.0852;NA;NA
1470;-1.4452;-1.5881;-0.7116;-3.8441;-1.8336;-2.0473;-1.7473;-4.2716;NA;NA
1471;-2.0687;-2.6396;-2.0971;-4.5336;-2.0186;-2.2397;-1.9599;-4.4051;NA;NA
1472;-1.2137;-1.1816;-0.9916;-4.4496;-2.1422;-2.4145;-2.0769;-4.5172;NA;NA
1473;-3.0337;-3.2191;-3.3206;-6.1021;-2.2734;-2.6293;-2.1874;-4.6348;NA;NA
1474;-3.4472;-3.7536;-3.9046;-5.5206;-2.3891;-2.8343;-2.2788;-4.7288;NA;NA
1475;-3.6572;-4.0281;-3.9556;-5.8716;-2.4662;-2.9795;-2.3384;-4.7703;NA;NA
1476;-3.2957;-4.0011;-3.2066;-4.9766;-2.4933;-3.079;-2.3385;-4.7352;NA;NA
1477;-3.0002;-3.9721;-2.9386;-4.9786;-2.4858;-3.1712;-2.2851;-4.6357;NA;NA
1478;-2.4382;-3.0761;-1.2326;-3.6051;-2.4609;-3.2424;-2.2157;-4.4971;NA;NA
1479;-1.5802;-2.6646;-1.5591;-3.4571;-2.4357;-3.2791;-2.168;-4.3445;NA;NA
1480;-2.0297;-2.9681;-1.7781;-5.1336;-2.3761;-3.2406;-2.1013;-4.2032;NA;NA
1481;-0.6597;-2.0941;-0.1676;-2.5541;-2.2631;-3.1294;-1.98;-4.0371;NA;NA
1482;-2.0042;-2.8916;-1.1721;-3.8376;-2.1366;-2.9974;-1.8499;-3.8233;NA;NA
1483;-2.3012;-3.1081;-1.9711;-4.3391;-2.0366;-2.8965;-1.7568;-3.6064;NA;NA
1484;-1.5297;-2.3231;-1.1201;-2.0746;-1.9645;-2.8093;-1.725;-3.4312;NA;NA
1485;-2.4952;-3.3141;-2.6851;-4.1846;-1.8942;-2.6988;-1.7271;-3.303;NA;NA
1486;-2.8237;-2.8751;-2.9611;-4.9046;-1.8241;-2.5869;-1.7314;-3.1919;NA;NA
1487;-1.5347;-2.6671;-1.6511;-2.2146;-1.7528;-2.4956;-1.7059;-3.0895;NA;NA
1488;-1.0827;-2.0556;-0.7316;-1.8026;-1.682;-2.4307;-1.6605;-2.9874;NA;NA
1489;-1.3967;-2.1716;-1.7556;-2.5051;-1.6135;-2.3766;-1.6204;-2.8772;NA;NA
1490;-3.0017;-3.1311;-2.9771;-3.8101;-1.5454;-2.3231;-1.576;-2.7528;NA;NA
1491;-2.1287;-2.0106;-2.2536;-3.4816;-1.4763;-2.2598;-1.5178;-2.6189;NA;NA
1492;-0.7772;-1.9331;-0.7236;-2.1376;-1.3801;-2.1737;-1.4074;-2.4839;NA;NA
1493;-1.1327;-2.2066;-1.9126;-2.9276;-1.2536;-2.0705;-1.2457;-2.3562;NA;NA
1494;-0.2777;-1.5686;-0.0896;-1.8741;-1.1298;-1.9682;-1.0822;-2.2439;NA;NA
1495;0.4053;-0.7721;0.9049;-0.4391;-1.0417;-1.8849;-0.9669;-2.1235;NA;NA
1496;-1.5507;-2.7121;-1.3476;-2.1236;-0.9865;-1.8159;-0.8895;-1.9833;NA;NA
1497;-1.7767;-2.7536;-1.3791;-2.7036;-0.941;-1.7486;-0.8138;-1.8504;NA;NA
1498;-0.8097;-1.4486;-0.5361;-1.9836;-0.907;-1.6888;-0.7498;-1.7515;NA;NA
1499;-1.3762;-1.6916;-0.9096;-2.3341;-0.8864;-1.642;-0.7076;-1.7134;NA;NA
1500;-1.4007;-1.9706;-1.8366;-2.4936;-0.9041;-1.6199;-0.7208;-1.7695;NA;NA
1501;-0.3562;-0.8071;-0.2176;-0.8046;-0.953;-1.614;-0.7741;-1.8979;NA;NA
1502;-0.5182;-1.1086;-0.2716;-1.0641;-0.9873;-1.6007;-0.8042;-2.0424;NA;NA
1503;-0.8777;-1.7486;-0.1216;-1.2946;-1.0108;-1.5794;-0.814;-2.1471;NA;NA
1504;-0.3207;-0.8226;-0.7021;-1.6396;-1.0485;-1.5633;-0.8392;-2.2391;NA;NA
1505;-1.5992;-2.1956;-1.2641;-2.5571;-1.0868;-1.5491;-0.865;-2.3646;NA;NA
1506;-2.0147;-1.9196;-2.0536;-3.5836;-1.112;-1.5335;-0.8767;-2.4953;NA;NA
1507;-0.9287;-1.3986;-0.5901;-2.2356;-1.1313;-1.5236;-0.8632;-2.6028;NA;NA
1508;-1.8377;-2.2641;-1.5696;-3.8146;-1.1561;-1.5234;-0.8348;-2.659;NA;NA
1509;-0.1707;-1.0826;0.0189;-2.9071;-1.1786;-1.5253;-0.8087;-2.6593;NA;NA
1510;-1.2377;-1.7586;-1.2116;-4.3051;-1.1912;-1.5216;-0.8021;-2.6299;NA;NA
1511;-1.7212;-1.8391;-1.0631;-3.3526;-1.1665;-1.4878;-0.7846;-2.5884;NA;NA
1512;-0.6787;-0.7946;-0.1151;-0.9191;-1.1077;-1.4265;-0.7399;-2.5526;NA;NA
1513;-1.9987;-1.8291;-1.4811;-1.8581;-1.053;-1.3708;-0.7072;-2.4794;NA;NA
1514;-0.0037;-0.1821;0.9154;-1.0686;-1.0405;-1.3538;-0.7255;-2.3441;NA;NA
1515;-1.5587;-2.1091;-0.8811;-2.6626;-1.0719;-1.3781;-0.8177;-2.1925;NA;NA
1516;-1.3747;-1.3391;-1.6486;-2.6011;-1.119;-1.4198;-0.9569;-2.0704;NA;NA
1517;-0.8262;-1.5836;-0.5676;-0.5006;-1.1747;-1.4716;-1.1076;-2.0234;NA;NA
1518;-1.7722;-2.0151;-2.0961;-3.1471;-1.232;-1.5267;-1.2343;-2.1033;NA;NA
1519;-0.5407;-1.1636;-0.5956;-2.4446;-1.3355;-1.6277;-1.4097;-2.2746;NA;NA
1520;-0.2632;-0.7986;-0.8406;-2.2211;-1.4932;-1.7829;-1.6655;-2.4524;NA;NA
1521;-1.0507;-1.4016;-0.9561;-1.6971;-1.6426;-1.9331;-1.905;-2.5515;NA;NA
1522;-1.1897;-1.2526;-1.9811;-2.3746;-1.7212;-2.0195;-2.0313;-2.5716;NA;NA
1523;-2.7722;-3.1236;-3.2461;-3.2391;-1.7365;-2.0436;-2.0305;-2.5719;NA;NA
1524;-2.0992;-2.2046;-1.9036;-2.2336;-1.7386;-2.051;-1.976;-2.5566;NA;NA
1525;-2.6412;-2.9036;-3.2566;-3.3821;-1.7285;-2.0495;-1.9013;-2.5299;NA;NA
1526;-3.5387;-3.3836;-3.8501;-4.4541;-1.7075;-2.0466;-1.8398;-2.4959;NA;NA
1527;-2.8047;-3.0296;-3.1886;-3.3831;-1.6438;-2.0181;-1.7366;-2.4217;NA;NA
1528;-0.8377;-1.7591;-0.7726;-1.6066;-1.5321;-1.955;-1.5597;-2.2977;NA;NA
1529;-0.2487;-0.8651;0.0419;-1.4666;-1.4135;-1.8878;-1.3778;-2.1631;NA;NA
1530;-1.1302;-1.3161;-1.1171;-2.3031;-1.3289;-1.8472;-1.2592;-2.0572;NA;NA
1531;-0.5372;-1.1766;-0.0771;-0.8486;-1.2277;-1.7931;-1.1536;-2.0192;NA;NA
1532;-0.6142;-1.3826;-0.1441;-1.1156;-1.073;-1.6974;-1.0035;-2.0588;NA;NA
1533;-0.1382;-0.9466;0.4094;-1.0636;-0.9259;-1.6093;-0.8669;-2.1459;NA;NA
1534;-0.7667;-1.3641;0.0339;-0.9456;-0.8479;-1.5776;-0.8015;-2.2603;NA;NA
1535;-1.0472;-2.1181;-1.3761;-3.0266;-0.8849;-1.6506;-0.8738;-2.3817;NA;NA
1536;-1.4427;-2.4821;-2.4281;-3.5861;-0.9989;-1.7985;-1.0513;-2.4898;NA;NA
1537;-1.6142;-2.2391;-2.1316;-3.9121;-1.1247;-1.9537;-1.243;-2.6654;NA;NA
1538;-1.2722;-1.7106;-1.9366;-3.2696;-1.197;-2.0483;-1.3579;-2.9318;NA;NA
1539;-1.4157;-2.1386;-1.8391;-3.7171;-1.2423;-2.1097;-1.4355;-3.1834;NA;NA
1540;-0.8922;-1.6081;-0.4131;-1.9721;-1.3108;-2.1902;-1.5459;-3.3143;NA;NA
1541;-0.4982;-1.6521;-0.3856;-2.3926;-1.3727;-2.259;-1.6438;-3.2909;NA;NA
1542;-1.4297;-2.6596;-1.3516;-3.6086;-1.3984;-2.2855;-1.6839;-3.179;NA;NA
1543;-1.9077;-2.6751;-2.3711;-4.4641;-1.3595;-2.2397;-1.6256;-3.022;NA;NA
1544;-2.7102;-3.5836;-3.6436;-3.8986;-1.2754;-2.1421;-1.4974;-2.8632;NA;NA
1545;-2.1522;-3.0081;-2.1441;-3.2696;-1.188;-2.0374;-1.3581;-2.746;NA;NA
1546;-1.2522;-2.0826;-1.4586;-2.0946;-1.1395;-1.9701;-1.2661;-2.6106;NA;NA
1547;-0.6372;-1.7111;-0.5246;-1.3851;-1.1107;-1.9112;-1.1877;-2.416;NA;NA
1548;-0.0787;-0.7716;0.1819;-1.9496;-1.0679;-1.8237;-1.0776;-2.2331;NA;NA
1549;-0.1527;-0.7381;-0.2856;-1.4116;-1.031;-1.7407;-0.9765;-2.1334;NA;NA
1550;0.1033;-0.4786;-0.2401;-1.1711;-1.02;-1.6953;-0.9254;-2.1134;NA;NA
1551;-1.5267;-2.1666;-1.8676;-3.2931;-1.0517;-1.6977;-0.9353;-2.1234;NA;NA
1552;-1.5322;-2.2491;-1.1241;-3.0471;-1.113;-1.7243;-0.9753;-2.1644;NA;NA
1553;-0.9297;-1.4186;-0.3971;-1.0811;-1.1781;-1.7574;-1.0235;-2.2374;NA;NA
1554;-1.4672;-1.8071;-0.9951;-2.1556;-1.2215;-1.7794;-1.0577;-2.3436;NA;NA
1555;-1.7012;-2.3551;-1.1381;-3.1151;-1.2908;-1.8478;-1.1366;-2.5599;NA;NA
1556;-1.1947;-1.8656;-0.8901;-1.7981;-1.4112;-1.9827;-1.2841;-2.8881;NA;NA
1557;-1.5372;-1.9226;-1.3656;-2.7276;-1.5231;-2.1101;-1.4266;-3.2169;NA;NA
1558;-1.4437;-1.8256;-1.2066;-2.8976;-1.567;-2.156;-1.4903;-3.4348;NA;NA
1559;-2.1942;-2.8251;-2.5836;-4.5186;-1.5304;-2.1129;-1.4803;-3.5715;NA;NA
1560;-1.7512;-2.4086;-2.2991;-4.7776;-1.4548;-2.0335;-1.4504;-3.715;NA;NA
1561;-1.0852;-1.8191;-1.4901;-3.5596;-1.3613;-1.9344;-1.4007;-3.8414;NA;NA
1562;-1.8862;-2.5816;-2.2036;-4.8846;-1.2711;-1.8322;-1.331;-3.9268;NA;NA
1563;-1.0272;-1.8331;-0.7666;-4.1706;-1.1496;-1.6795;-1.2085;-3.9476;NA;NA
1564;-1.6167;-2.0256;-1.6106;-4.8456;-0.9886;-1.4751;-1.0404;-3.8684;NA;NA
1565;-0.4087;-0.8001;0.3409;-3.0936;-0.8488;-1.3053;-0.8869;-3.6988;NA;NA
1566;0.2433;-0.6031;0.2469;-2.6581;-0.712;-1.1437;-0.7081;-3.4819;NA;NA
1567;0.5463;0.0394;0.3159;-2.1786;-0.5424;-0.9388;-0.4658;-3.2611;NA;NA
1568;-1.0777;-0.9271;-1.3301;-3.8626;-0.3748;-0.7393;-0.2228;-3.0796;NA;NA
1569;-0.5767;-0.6111;-0.5136;-3.1156;-0.2439;-0.5938;-0.0419;-2.9017;NA;NA
1570;-0.7587;-0.9461;-0.6116;-3.2606;-0.1349;-0.4906;0.1022;-2.6846;NA;NA
1571;-0.3387;-0.7736;0.0709;-2.2711;-0.0225;-0.3945;0.2553;-2.4606;NA;NA
1572;0.3313;0.2989;0.9044;-2.2076;0.0744;-0.3191;0.3859;-2.2619;NA;NA
1573;0.9378;0.4079;1.5349;-0.9891;0.1366;-0.278;0.4619;-2.1207;NA;NA
1574;0.1708;-0.6431;0.5299;-1.2936;0.1595;-0.2944;0.4763;-2.0119;NA;NA
1575;-0.7227;-1.2671;-0.6831;-3.6261;0.1572;-0.3602;0.4535;-1.9061;NA;NA
1576;0.4153;-0.1696;0.6889;-2.5816;0.1397;-0.4414;0.4092;-1.8295;NA;NA
1577;0.9423;0.3484;1.4659;-0.4786;0.1168;-0.504;0.3594;-1.8082;NA;NA
1578;-0.5312;-1.2626;-0.2256;-2.5596;0.0743;-0.5644;0.2688;-1.859;NA;NA
1579;0.7363;0.0834;1.1409;-1.2731;0.0036;-0.6489;0.1222;-1.9669;NA;NA
1580;0.1673;-0.2461;0.0099;-1.8791;-0.0769;-0.7391;-0.0352;-2.11;NA;NA
1581;0.0223;-1.0491;0.0754;-1.5896;-0.1491;-0.8167;-0.1581;-2.2661;NA;NA
1582;-0.9992;-2.1601;-1.2381;-2.6021;-0.2403;-0.897;-0.2789;-2.4134;NA;NA
1583;-0.4792;-0.9476;-1.1091;-1.7896;-0.3666;-0.995;-0.4344;-2.5933;NA;NA
1584;-0.5227;-0.9511;-0.5696;-2.9861;-0.4929;-1.0911;-0.5856;-2.8336;NA;NA
1585;-1.4102;-1.7996;-1.4696;-4.6316;-0.5841;-1.1657;-0.6936;-3.0921;NA;NA
1586;-0.3707;-0.5786;-0.5476;-3.5941;-0.6574;-1.2285;-0.7655;-3.3264;NA;NA
1587;-0.3577;-1.0081;-0.5461;-3.3041;-0.7398;-1.2945;-0.8298;-3.4944;NA;NA
1588;-0.3112;-0.7736;-0.5891;-3.2996;-0.8112;-1.3519;-0.8797;-3.6125;NA;NA
1589;-0.6547;-1.3676;-0.7446;-3.3746;-0.8509;-1.389;-0.9087;-3.7186;NA;NA
1590;-1.0562;-1.8626;-0.3721;-3.3791;-0.8587;-1.4125;-0.9103;-3.802;NA;NA
1591;-1.5382;-2.0531;-1.1141;-4.8151;-0.8486;-1.431;-0.8875;-3.8521;NA;NA
1592;-0.8892;-1.1416;-1.4036;-5.2791;-0.822;-1.4355;-0.8483;-3.8581;NA;NA
1593;-0.7477;-1.3936;-0.9401;-3.0151;-0.7805;-1.4174;-0.8004;-3.7991;NA;NA
1594;-0.3167;-0.9176;0.1809;-2.9861;-0.6883;-1.3502;-0.7309;-3.6832;NA;NA
1595;-0.6907;-1.6256;-0.8326;-3.5576;-0.5429;-1.2398;-0.6347;-3.5437;NA;NA
1596;-0.3477;-0.9536;-0.7631;-2.5296;-0.396;-1.126;-0.5314;-3.4138;NA;NA
1597;-1.2947;-2.1151;-1.3531;-4.8056;-0.2992;-1.0486;-0.4404;-3.253;NA;NA
1598;-0.6117;-1.4576;-0.5481;-3.7651;-0.2235;-0.9768;-0.3206;-3.0287;NA;NA
1599;-0.3267;-1.0621;-0.5571;-2.8001;-0.1269;-0.8773;-0.1543;-2.7868;NA;NA
1600;1.2963;0.3324;0.9224;-0.4676;-0.0414;-0.7864;0.0048;-2.5731;NA;NA
1601;-0.3602;-1.1866;-0.0991;-3.7081;6e-04;-0.7406;0.1028;-2.4334;NA;NA
1602;0.2668;-0.3246;0.1814;-3.2886;-0.0224;-0.7524;0.1443;-2.3678;NA;NA
1603;1.0313;0.3289;0.2514;-1.6976;-0.0879;-0.7952;0.1709;-2.3365;NA;NA
1604;1.3348;0.7539;1.3554;-0.8126;-0.1616;-0.8459;0.185;-2.3254;NA;NA
1605;-0.4272;-1.2296;0.5134;-1.3671;-0.2091;-0.8813;0.1885;-2.3206;NA;NA
1606;-1.0992;-1.9091;0.1029;-2.3891;-0.2495;-0.9208;0.1595;-2.308;NA;NA
1607;-0.8707;-1.1616;0.6419;-2.9356;-0.3133;-0.9861;0.0925;-2.302;NA;NA
1608;-1.4877;-1.9261;-0.6216;-3.1156;-0.3824;-1.0581;0.015;-2.3206;NA;NA
1609;-0.2397;-0.9451;0.6919;-1.3526;-0.4394;-1.1175;-0.0459;-2.355;NA;NA
1610;-1.8507;-2.6306;-1.7001;-4.2461;-0.4854;-1.1733;-0.11;-2.3965;NA;NA
1611;-0.8622;-1.7776;-1.6561;-4.2536;-0.5325;-1.2392;-0.2002;-2.4364;NA;NA
1612;-0.0287;-0.5371;-0.2716;-1.7866;-0.5784;-1.3038;-0.2934;-2.4872;NA;NA
1613;0.5498;-1e-04;0.7494;-0.9616;-0.6208;-1.3553;-0.3667;-2.5546;NA;NA
1614;-0.0337;-1.2866;-0.3171;-1.8646;-0.6578;-1.3977;-0.4288;-2.6199;NA;NA
1615;-0.8112;-1.3981;-0.3256;-2.5436;-0.6877;-1.437;-0.4943;-2.6641;NA;NA
1616;0.4673;-0.5361;0.3114;-2.2176;-0.7093;-1.4646;-0.5494;-2.7054;NA;NA
1617;-1.0012;-1.6451;-1.0041;-2.8201;-0.7209;-1.4718;-0.5803;-2.7613;NA;NA
1618;-0.5932;-1.3781;-0.1466;-2.7676;-0.7491;-1.4807;-0.5877;-2.8124;NA;NA
1619;-1.0592;-1.7221;-0.1806;-2.6166;-0.8008;-1.5028;-0.5831;-2.8392;NA;NA
1620;-2.0652;-2.5791;-1.3031;-4.0566;-0.8454;-1.5134;-0.5693;-2.8222;NA;NA
1621;-1.0947;-1.5631;-0.9421;-3.1531;-0.8525;-1.4879;-0.5488;-2.7384;NA;NA
1622;-0.9457;-1.6436;-0.5236;-3.5176;-0.7957;-1.3904;-0.5017;-2.6049;NA;NA
1623;-1.3887;-2.0661;-1.4411;-2.5621;-0.6951;-1.2359;-0.4258;-2.4629;NA;NA
1624;-1.0227;-1.5786;-1.1786;-3.0296;-0.5897;-1.0768;-0.3506;-2.3532;NA;NA
1625;0.2533;-0.5216;0.2244;-1.8671;-0.5185;-0.9651;-0.3052;-2.2278;NA;NA
1626;-0.1372;-0.4021;0.2624;-1.2026;-0.4195;-0.8312;-0.2519;-2.0453;NA;NA
1627;-0.3937;-0.6466;-0.1416;-1.6316;-0.2742;-0.6484;-0.1735;-1.8574;NA;NA
1628;-0.1792;-0.5746;0.6084;-0.7146;-0.1871;-0.5334;-0.1302;-1.7155;NA;NA
1629;0.2043;0.1479;-0.0281;-1.8626;-0.1768;-0.5067;-0.1381;-1.671;NA;NA
1630;0.7878;0.5314;0.6239;-0.5831;-0.1873;-0.5052;-0.1652;-1.7775;NA;NA
1631;-0.1362;-0.1771;-0.1261;-1.8401;-0.2111;-0.5209;-0.1995;-1.9924;NA;NA
1632;-0.3562;-0.8226;-0.6421;-3.0386;-0.241;-0.5455;-0.2294;-2.2232;NA;NA
1633;0.5403;-0.0191;0.6029;-0.3686;-0.3242;-0.6348;-0.2893;-2.3775;NA;NA
1634;-0.3742;-0.6601;-0.7966;-2.3076;-0.4722;-0.8019;-0.3937;-2.5007;NA;NA
1635;-1.2407;-1.5211;-1.1621;-4.3371;-0.6238;-0.975;-0.5003;-2.6708;NA;NA
1636;-2.1847;-2.4731;-1.6786;-4.7606;-0.718;-1.0825;-0.5668;-2.8436;NA;NA
1637;-1.2652;-1.5811;-1.3986;-4.2286;-0.7688;-1.1418;-0.5914;-2.9751;NA;NA
1638;0.0788;-0.6141;0.7639;-2.3711;-0.8224;-1.2071;-0.6045;-3.021;NA;NA
1639;-1.3642;-1.7656;-1.0691;-3.0601;-0.8666;-1.2623;-0.6116;-2.9344;NA;NA
1640;-0.6807;-1.2131;-0.7006;-2.6521;-0.8887;-1.291;-0.6188;-2.7397;NA;NA
1641;-0.3592;-0.6321;-0.0326;-1.4366;-0.8487;-1.2429;-0.5998;-2.5001;NA;NA
1642;-0.8792;-1.3411;-0.4051;-2.0751;-0.7511;-1.1243;-0.5469;-2.2787;NA;NA
1643;-1.3372;-1.5846;-0.4796;-3.1756;-0.6504;-1.0046;-0.4927;-2.1386;NA;NA
1644;-1.1602;-1.5561;-0.8851;-2.3226;-0.6011;-0.953;-0.4703;-2.0666;NA;NA
1645;-0.6942;-1.1316;-0.4541;-1.2296;-0.5961;-0.9606;-0.4904;-2.0084;NA;NA
1646;0.7508;0.5099;0.6809;-0.9321;-0.5939;-0.9746;-0.5306;-1.9661;NA;NA
1647;-0.1122;-0.6231;-0.9196;-1.1506;-0.5976;-0.9981;-0.573;-1.9415;NA;NA
1648;0.1408;-0.2511;-0.3606;-1.2546;-0.6101;-1.0344;-0.6001;-1.9367;NA;NA
1649;-1.8427;-1.9016;-1.7591;-3.1801;-0.6548;-1.116;-0.6268;-1.9757;NA;NA
1650;-0.3602;-0.9331;-0.3766;-2.2056;-0.7322;-1.2446;-0.668;-2.0592;NA;NA
1651;-0.5312;-0.4556;-0.7796;-3.0486;-0.8112;-1.3766;-0.706;-2.1537;NA;NA
1652;0.0413;-0.9586;0.3129;-1.1041;-0.8606;-1.4685;-0.723;-2.2256;NA;NA
1653;-1.7427;-2.9181;-1.2141;-2.9406;-0.9109;-1.5656;-0.7237;-2.2981;NA;NA
1654;-2.0677;-2.7921;-1.3296;-3.2991;-0.9888;-1.705;-0.7214;-2.3992;NA;NA
1655;-2.2637;-3.0741;-2.0246;-3.4971;-1.057;-1.8309;-0.7113;-2.502;NA;NA
1656;-0.2847;-1.0446;0.0019;-0.9456;-1.0785;-1.8874;-0.6886;-2.5798;NA;NA
1657;-0.1477;-0.8726;0.1934;-1.6506;-1.0302;-1.8529;-0.6363;-2.6061;NA;NA
1658;-0.5167;-1.4861;0.2309;-1.3051;-0.9366;-1.7652;-0.5561;-2.5637;NA;NA
1659;-1.3172;-2.1191;-0.8626;-3.5171;-0.8315;-1.6583;-0.4705;-2.4754;NA;NA
1660;-1.3652;-1.8581;-0.8461;-3.3176;-0.7486;-1.566;-0.4023;-2.375;NA;NA
1661;-1.2392;-2.1551;-1.0166;-3.7476;-0.6646;-1.4515;-0.3409;-2.2958;NA;NA
1662;-0.3137;-1.3396;0.1869;-2.2786;-0.552;-1.286;-0.2693;-2.2224;NA;NA
1663;0.3023;-0.6781;0.4974;-0.9186;-0.4388;-1.1158;-0.2002;-2.1275;NA;NA
1664;-1.1502;-1.8316;-1.4721;-3.0361;-0.353;-0.9869;-0.1465;-2.0272;NA;NA
1665;0.4338;0.1964;0.0039;-1.5371;-0.2884;-0.882;-0.1072;-1.9375;NA;NA
1666;0.5683;0.0889;0.5054;-1.4141;-0.2243;-0.7661;-0.0727;-1.8744;NA;NA
1667;0.1043;-0.3716;0.5904;-0.7501;-0.1666;-0.6588;-0.0426;-1.8158;NA;NA
1668;-0.3487;-0.7801;0.0379;-1.4886;-0.1212;-0.5799;-0.0168;-1.7443;NA;NA
1669;-0.6182;-0.8831;-0.0406;-1.9916;-0.098;-0.5379;0.0026;-1.6838;NA;NA
1670;0.1653;-0.2036;0.3509;-1.5496;-0.0942;-0.5199;0.0149;-1.6582;NA;NA
1671;-0.7522;-1.3426;-0.7361;-2.1356;-0.0974;-0.5129;0.0227;-1.7061;NA;NA
1672;-0.6372;-0.9846;-0.5391;-2.3066;-0.095;-0.5042;0.0288;-1.8201;NA;NA
1673;-0.0392;-0.5321;-0.3371;-2.1161;-0.1008;-0.5197;0.0229;-1.9545;NA;NA
1674;0.3468;0.2139;0.4559;-1.5246;-0.1247;-0.5708;0.0021;-2.0639;NA;NA
1675;0.2663;-0.2561;0.3139;-2.3871;-0.1474;-0.6228;-0.0202;-2.1025;NA;NA
1676;0.6153;0.2924;0.7534;-1.0256;-0.15;-0.641;-0.0306;-2.0672;NA;NA
1677;-0.1282;-0.9511;0.0699;-2.5471;-0.1241;-0.6235;-0.0317;-1.9959;NA;NA
1678;-0.0317;-0.8076;0.0749;-1.9106;-0.083;-0.5959;-0.0328;-1.9042;NA;NA
1679;-0.7762;-1.3561;-0.8931;-2.8266;-0.0405;-0.5641;-0.0307;-1.8082;NA;NA
1680;-1.4367;-1.8691;-0.8986;-3.1916;-0.0104;-0.5342;-0.0224;-1.7235;NA;NA
1681;-0.4502;-0.6421;-0.2066;-1.9716;0.0115;-0.5003;-0.008;-1.6225;NA;NA
1682;0.7098;0.0529;0.6284;-0.7556;0.0351;-0.4579;0.009;-1.4849;NA;NA
1683;1.5093;0.8834;1.2529;1.4164;0.0555;-0.4147;0.0273;-1.3374;NA;NA
1684;0.2183;-0.2571;0.0729;-0.9586;0.0679;-0.3787;0.0452;-1.2069;NA;NA
1685;-0.7697;-1.0736;-0.9616;-2.3016;0.0818;-0.3302;0.0785;-1.1203;NA;NA
1686;0.1038;-0.2431;-0.1706;-2.0501;0.1027;-0.2606;0.1305;-1.0727;NA;NA
1687;0.5188;0.2519;0.1599;-0.6236;0.1204;-0.1938;0.1813;-1.0412;NA;NA
1688;0.0723;-0.5331;0.0819;-0.4286;0.1246;-0.1537;0.2111;-1.0258;NA;NA
1689;0.3123;0.3289;0.5214;-1.2486;0.1084;-0.1431;0.2358;-1.0264;NA;NA
1690;-0.2062;-0.4371;0.2869;-1.2681;0.0795;-0.1447;0.266;-1.0489;NA;NA
1691;0.1858;-0.1551;0.9234;-0.8161;0.0494;-0.1527;0.2733;-1.0944;NA;NA
1692;-0.0822;-0.0561;0.4584;-1.0801;0.0105;-0.1737;0.2459;-1.1562;NA;NA
1693;-0.4202;-0.6001;-0.5131;-1.9381;-0.0443;-0.2116;0.1988;-1.2275;NA;NA
1694;0.6048;0.5829;0.8529;0.1374;-0.1029;-0.2567;0.1443;-1.3013;NA;NA
1695;-0.7587;-0.7091;-0.6786;-2.7091;-0.1535;-0.2996;0.0946;-1.397;NA;NA
1696;-0.6072;-0.8706;0.0769;-2.5351;-0.2044;-0.3538;0.0228;-1.5222;NA;NA
1697;0.0833;-0.3376;0.5779;-0.8426;-0.2649;-0.4273;-0.0829;-1.6528;NA;NA
1698;-0.4122;-0.8486;-0.0611;-1.5781;-0.3236;-0.5017;-0.188;-1.7643;NA;NA
1699;0.4538;0.4979;-0.3431;-1.2591;-0.3694;-0.5589;-0.258;-1.8754;NA;NA
1700;0.1313;-0.0466;0.2124;-0.8391;-0.4141;-0.6161;-0.3099;-2.0075;NA;NA
1701;-0.9242;-0.9881;-1.1061;-2.7006;-0.4672;-0.688;-0.3705;-2.1412;NA;NA
1702;-0.6207;-0.8346;-0.5991;-2.3891;-0.5133;-0.7533;-0.4199;-2.2572;NA;NA
1703;-1.0312;-1.2596;-1.0451;-2.6581;-0.5373;-0.7901;-0.4383;-2.336;NA;NA
1704;-1.2222;-1.5641;-0.9046;-3.4151;-0.546;-0.8073;-0.4158;-2.4097;NA;NA
1705;-0.5777;-0.8076;-0.3786;-3.5431;-0.5512;-0.8212;-0.3661;-2.4979;NA;NA
1706;0.0353;-0.4126;0.4184;-1.2591;-0.5456;-0.8226;-0.3043;-2.562;NA;NA
1707;0.1958;-0.3561;0.5469;-1.2281;-0.5216;-0.8018;-0.2455;-2.5635;NA;NA
1708;-0.4197;-0.4351;0.0094;-2.2971;-0.4456;-0.7238;-0.1452;-2.4578;NA;NA
1709;-1.2992;-1.5011;-1.0031;-3.5246;-0.3202;-0.5929;0.0116;-2.2603;NA;NA
1710;-0.6007;-0.7986;-0.3646;-3.1891;-0.1923;-0.4584;0.1655;-2.0227;NA;NA
1711;-0.0952;-0.3406;0.1629;-1.9151;-0.1091;-0.3699;0.2572;-1.7967;NA;NA
1712;-0.2527;-0.7906;-0.0281;-1.6361;-0.0467;-0.2975;0.2904;-1.6342;NA;NA
1713;0.2373;-0.0611;1.0579;-1.3241;0.0318;-0.2016;0.3095;-1.501;NA;NA
1714;0.2058;0.0729;0.7764;-1.5531;0.099;-0.1174;0.3162;-1.3473;NA;NA
1715;0.8478;0.7999;1.1029;-0.6731;0.1274;-0.0796;0.3125;-1.2018;NA;NA
1716;-0.0997;-0.3751;0.0404;-1.6166;0.1017;-0.1069;0.2759;-1.0931;NA;NA
1717;1.0043;0.9464;1.2074;0.6304;0.0413;-0.1743;0.2035;-1.05;NA;NA
1718;0.1048;-0.0541;-0.3836;-0.2966;-0.0281;-0.2515;0.1257;-1.1065;NA;NA
1719;-0.3312;-0.6336;-0.4251;-0.8641;-0.0812;-0.3085;0.0733;-1.2471;NA;NA
1720;0.8498;0.7129;0.9014;-0.0741;-0.1595;-0.3925;0.019;-1.4256;NA;NA
1721;-1.5387;-1.8681;-1.8051;-3.1641;-0.2872;-0.5317;-0.064;-1.5961;NA;NA
1722;-0.7302;-0.8906;-0.6176;-2.6296;-0.4128;-0.6671;-0.1453;-1.7124;NA;NA
1723;-0.5947;-1.0181;-0.1021;-1.9646;-0.4849;-0.7397;-0.194;-1.825;NA;NA
1724;-0.7892;-1.0046;0.0404;-2.3521;-0.5035;-0.7462;-0.193;-1.9782;NA;NA
1725;-0.3122;-0.4186;0.3559;-1.9901;-0.5066;-0.7302;-0.1618;-2.1168;NA;NA
1726;-0.5282;-0.8931;-0.0631;-2.5271;-0.4991;-0.7027;-0.1245;-2.1855;NA;NA
1727;-1.4552;-1.9986;-1.1256;-2.8011;-0.4858;-0.6745;-0.105;-2.1494;NA;NA
1728;-0.1747;-0.5996;0.5454;-1.2941;-0.4313;-0.6009;-0.0893;-2.0368;NA;NA
1729;-0.4282;-0.2551;0.2589;-2.2621;-0.3277;-0.4681;-0.0576;-1.8872;NA;NA
1730;-0.1937;-0.1026;-0.2771;-1.8621;-0.2209;-0.3338;-0.0263;-1.7401;NA;NA
1731;0.8303;0.6679;0.7544;-1.2446;-0.1567;-0.2557;-0.0116;-1.6352;NA;NA
1732;-0.1492;-0.0696;0.0799;-1.2351;-0.1336;-0.2284;-0.0354;-1.5628;NA;NA
1733;0.0363;0.0694;-0.4621;-1.6301;-0.1172;-0.2083;-0.0879;-1.4893;NA;NA
1734;-0.0617;-0.0756;-0.1246;-0.9506;-0.1045;-0.196;-0.1381;-1.4178;NA;NA
1735;0.1523;0.1654;0.3524;-1.3691;-0.0924;-0.1922;-0.155;-1.3512;NA;NA
1736;0.0113;-0.2736;-0.0651;-1.0491;-0.0937;-0.2191;-0.1321;-1.2928;NA;NA
1737;-0.5397;-0.8166;-1.3896;-1.8511;-0.1132;-0.2802;-0.0927;-1.2394;NA;NA
1738;0.3333;0.0579;0.2814;-0.4956;-0.1357;-0.3479;-0.0508;-1.1878;NA;NA
1739;-0.5662;-0.7736;-0.3446;-1.1131;-0.1461;-0.3949;-0.0204;-1.1414;NA;NA
1740;-0.4257;-0.7591;-0.0611;-1.4901;-0.1566;-0.4421;0.008;-1.1036;NA;NA
1741;-0.6042;-1.0426;-0.3516;-1.8331;-0.1793;-0.5111;0.047;-1.0776;NA;NA
1742;-0.8902;-1.1011;-0.4821;-1.7671;-0.1986;-0.5753;0.0865;-1.0704;NA;NA
1743;-0.2032;-0.5481;0.3469;-1.4411;-0.1991;-0.6081;0.1167;-1.0782;NA;NA
1744;1.1693;0.8459;2.1184;0.6374;-0.1706;-0.5975;0.1428;-1.0881;NA;NA
1745;0.0478;-0.3301;0.6089;-0.9276;-0.1223;-0.561;0.1736;-1.0874;NA;NA
1746;-0.1567;-0.9396;0.0209;-1.2216;-0.0682;-0.5158;0.204;-1.0653;NA;NA
1747;-0.2747;-0.8411;-0.3291;-0.8141;-0.0224;-0.4794;0.229;-1.0283;NA;NA
1748;0.6728;-0.0181;0.8399;-0.1061;0.0398;-0.4255;0.253;-0.9903;NA;NA
1749;0.4093;-0.0456;0.7599;-0.1731;0.1293;-0.3409;0.2771;-0.9651;NA;NA
1750;-1.2117;-1.1956;-1.7236;-3.6041;0.2112;-0.2621;0.2919;-0.9666;NA;NA
1751;-1.2877;-1.8146;-1.5196;-3.1676;0.2508;-0.2255;0.2881;-1.0019;NA;NA
1752;0.6433;0.1389;0.6874;-0.2341;0.2488;-0.2239;0.2628;-1.062;NA;NA
1753;1.2578;0.6639;1.4499;0.3939;0.2327;-0.2297;0.2253;-1.1366;NA;NA
1754;0.8063;0.4194;0.8649;-0.6266;0.208;-0.249;0.1849;-1.2153;NA;NA
1755;0.3983;0.0509;0.3954;-1.4921;0.166;-0.2852;0.1434;-1.2876;NA;NA
1756;0.9068;0.6054;0.7619;-0.4526;0.1043;-0.3342;0.0983;-1.3667;NA;NA
1757;-0.0852;-0.6911;-0.1276;-1.1896;0.0376;-0.3911;0.052;-1.4634;NA;NA
1758;0.3088;-0.2046;0.3794;-1.4596;-0.0192;-0.4507;0.0071;-1.563;NA;NA
1759;-0.6267;-1.3606;-0.4001;-2.1906;-0.0941;-0.5439;-0.0673;-1.6512;NA;NA
1760;-0.4967;-1.0351;-0.1386;-1.7891;-0.203;-0.6797;-0.1788;-1.7135;NA;NA
1761;-1.1007;-1.5451;-1.0326;-3.1221;-0.3132;-0.8198;-0.2898;-1.774;NA;NA
1762;-0.7042;-0.6881;-0.9171;-2.7616;-0.3919;-0.9261;-0.3629;-1.8492;NA;NA
1763;0.3458;0.0209;0.1709;-0.3631;-0.4476;-1.018;-0.4105;-1.9132;NA;NA
1764;-1.1607;-1.8971;-1.1006;-2.3681;-0.504;-1.1239;-0.4602;-1.9399;NA;NA
1765;-0.4812;-1.2866;-0.3311;-2.1126;-0.5508;-1.2187;-0.4972;-1.9015;NA;NA
1766;-0.6067;-1.1216;-0.6311;-1.5771;-0.5777;-1.2771;-0.5069;-1.8083;NA;NA
1767;-0.3667;-1.0006;-0.0996;-2.0136;-0.571;-1.2917;-0.4684;-1.692;NA;NA
1768;0.0688;-1.0226;0.0369;-0.3586;-0.5363;-1.2802;-0.39;-1.5842;NA;NA
1769;-0.2282;-1.2141;-0.2481;-1.1606;-0.4919;-1.2555;-0.3006;-1.5165;NA;NA
1770;-0.8042;-1.6831;-0.6321;-2.4551;-0.4565;-1.2305;-0.2292;-1.4853;NA;NA
1771;-1.0767;-1.9876;-0.8871;-1.7576;-0.4214;-1.1934;-0.1514;-1.4635;NA;NA
1772;-0.6737;-1.5226;-0.5086;-1.5526;-0.3736;-1.1346;-0.0448;-1.447;NA;NA
1773;0.0688;-0.6031;0.9659;-0.5541;-0.3252;-1.0698;0.0583;-1.4319;NA;NA
1774;0.2188;-0.3551;0.9009;-0.9371;-0.288;-1.015;0.1255;-1.4281;NA;NA
1775;-0.3362;-0.7646;-0.0881;-1.5691;-0.2505;-0.943;0.1623;-1.4413;NA;NA
1776;-0.3777;-1.1126;0.0499;-1.9466;-0.2021;-0.8386;0.1939;-1.4608;NA;NA
1777;-0.7567;-1.0511;-0.4151;-2.1831;-0.1561;-0.736;0.2181;-1.4757;NA;NA
1778;-0.2362;-0.7221;0.2354;-1.4736;-0.126;-0.6692;0.2327;-1.4755;NA;NA
1779;0.0838;-0.7416;0.4629;-1.6916;-0.0936;-0.6172;0.2432;-1.4406;NA;NA
1780;1.0038;0.1934;1.3294;-0.3711;-0.0482;-0.5544;0.2507;-1.3793;NA;NA
1781;0.2008;-0.4111;0.9549;-0.5201;-0.0141;-0.508;0.246;-1.3224;NA;NA
1782;-0.7162;-0.8576;-0.6006;-2.3036;-0.0155;-0.5053;0.2198;-1.3005;NA;NA
1783;-0.4572;-1.0866;-0.8921;-2.2456;-0.0658;-0.5689;0.1586;-1.3077;NA;NA
1784;0.2153;-0.2286;0.3029;-0.3931;-0.1473;-0.6794;0.0681;-1.3206;NA;NA
1785;-0.6902;-0.7941;-0.8361;-2.4776;-0.2386;-0.8008;-0.0319;-1.3439;NA;NA
1786;-0.3497;-0.7911;-0.3286;-1.4266;-0.3181;-0.8971;-0.1219;-1.3825;NA;NA
1787;0.6568;0.3654;0.7499;-0.1451;-0.4177;-1.0054;-0.2367;-1.441;NA;NA
1788;0.5438;-0.4236;1.1524;-0.0541;-0.5566;-1.1567;-0.3928;-1.5512;NA;NA
1789;-1.3222;-2.1541;-0.6396;-2.0511;-0.6944;-1.3056;-0.5436;-1.716;NA;NA
1790;-0.6507;-1.6796;-0.2581;-1.1951;-0.7906;-1.407;-0.6424;-1.8973;NA;NA
1791;-2.0927;-2.9321;-1.3766;-2.8861;-0.87;-1.4856;-0.7108;-2.0569;NA;NA
1792;-1.4817;-2.0331;-1.4151;-3.1001;-0.9644;-1.5772;-0.7853;-2.1569;NA;NA
1793;-0.8152;-1.5551;-0.8536;-2.3511;-1.0441;-1.6523;-0.8423;-2.2251;NA;NA
1794;-0.7327;-1.1201;-1.0696;-2.1596;-1.0791;-1.6818;-0.858;-2.3;NA;NA
1795;-1.1452;-1.2496;-1.9661;-3.0746;-1.0519;-1.6354;-0.817;-2.3587;NA;NA
1796;-1.0227;-1.7096;-0.6711;-2.2656;-0.9827;-1.5311;-0.7362;-2.3786;NA;NA
1797;-0.7592;-1.3341;-0.2961;-1.7816;-0.8983;-1.4114;-0.6403;-2.3367;NA;NA
1798;-1.1252;-1.5871;-0.2621;-2.4026;-0.8256;-1.319;-0.5537;-2.1683;NA;NA
1799;-1.3097;-1.6601;-1.1156;-2.4781;-0.7209;-1.213;-0.4171;-1.889;NA;NA
1800;-0.7422;-1.3511;-0.1361;-2.4106;-0.5607;-1.0591;-0.2055;-1.5965;NA;NA
1801;-0.3072;-0.8991;0.0839;-2.0271;-0.4022;-0.9101;0.0047;-1.3886;NA;NA
1802;0.0443;-0.3196;0.7099;-0.2531;-0.3028;-0.8189;0.1369;-1.2478;NA;NA
1803;0.2573;-0.2641;0.5749;0.1454;-0.2625;-0.7921;0.1914;-1.0991;NA;NA
1804;-0.2672;-0.8091;0.3814;-1.0211;-0.2376;-0.7903;0.2244;-0.954;NA;NA
1805;-0.2767;-0.7716;0.0174;-0.7516;-0.2205;-0.7966;0.2435;-0.8243;NA;NA
1806;0.9068;0.1099;0.9749;0.5384;-0.2036;-0.7941;0.2565;-0.7215;NA;NA
1807;0.0273;-0.5351;0.4584;-0.7326;-0.2112;-0.809;0.227;-0.6624;NA;NA
1808;0.2328;-0.4626;0.6984;-0.8941;-0.2529;-0.8578;0.1453;-0.6412;NA;NA
1809;-0.6977;-1.2456;-0.1816;-0.8846;-0.2981;-0.9085;0.0587;-0.636;NA;NA
1810;-1.5702;-2.1561;-1.0081;-2.1086;-0.3164;-0.9289;0.0143;-0.6248;NA;NA
1811;-0.9697;-1.9171;-0.4661;-0.9756;-0.3148;-0.9263;0.0059;-0.6117;NA;NA
1812;-0.6147;-1.0341;-0.0421;-0.4211;-0.3173;-0.9255;-0.0033;-0.6108;NA;NA
1813;-0.9577;-1.5511;-1.1276;-1.3971;-0.3189;-0.9213;-0.0116;-0.6151;NA;NA
1814;1.3418;1.0219;1.1649;1.5029;-0.3146;-0.9087;-0.0173;-0.618;NA;NA
1815;-0.1827;-0.6446;-0.3291;-0.1491;-0.2791;-0.8599;0.006;-0.6124;NA;NA
1816;-0.4812;-1.2191;0.2249;-0.6161;-0.2197;-0.7828;0.0537;-0.5785;NA;NA
1817;-0.4882;-1.3706;-0.2856;-1.3986;-0.1802;-0.7258;0.0802;-0.522;NA;NA
1818;-0.5717;-1.0066;-0.1226;-1.7906;-0.148;-0.6747;0.1015;-0.4744;NA;NA
1819;0.2908;-0.0231;1.0714;-1.1031;-0.0971;-0.6011;0.145;-0.4673;NA;NA
1820;0.9558;0.5959;1.1714;0.5714;-0.0515;-0.5321;0.1825;-0.4985;NA;NA
1821;-0.1417;-0.8746;-0.0856;0.0234;-0.0353;-0.4949;0.1856;-0.5452;NA;NA
1822;0.4363;-0.1186;0.5764;0.7244;-0.0521;-0.4899;0.1464;-0.6078;NA;NA
1823;-0.7077;-1.1561;-0.7811;-1.1446;-0.0867;-0.4995;0.0826;-0.687;NA;NA
1824;-0.6472;-0.8756;-0.9096;-1.3326;-0.135;-0.5231;0.0045;-0.7833;NA;NA
1825;-0.7827;-1.0346;-0.3786;-1.7036;-0.1927;-0.5601;-0.0775;-0.926;NA;NA
1826;-0.0887;-0.3706;0.8094;-0.5726;-0.2895;-0.6343;-0.2003;-1.1223;NA;NA
1827;-0.7687;-1.1931;-0.8231;-1.8141;-0.4295;-0.7468;-0.3738;-1.3394;NA;NA
1828;0.6238;0.2614;0.4434;-0.2586;-0.5707;-0.8631;-0.5465;-1.5446;NA;NA
1829;0.0033;-0.1881;-0.5041;-1.5606;-0.6708;-0.9489;-0.6672;-1.7054;NA;NA
1830;-0.4862;-0.7561;-0.7346;-2.3681;-0.7509;-1.0261;-0.764;-1.8496;NA;NA
1831;-0.6912;-0.8486;-0.1041;-1.6396;-0.8433;-1.1214;-0.8758;-2.0086;NA;NA
1832;-0.6957;-1.0116;-0.5376;-1.5376;-0.9225;-1.2072;-0.9678;-2.1543;NA;NA
1833;-2.0272;-2.7666;-2.5996;-2.8581;-0.9631;-1.2563;-1.0051;-2.2588;NA;NA
1834;-2.2527;-2.4076;-2.3416;-3.9746;-0.9557;-1.2656;-0.9726;-2.2942;NA;NA
1835;-1.5772;-1.6511;-1.2566;-2.7896;-0.921;-1.2577;-0.8977;-2.2417;NA;NA
1836;-0.3357;-0.4456;-0.0956;-1.8491;-0.8785;-1.2433;-0.8095;-2.1274;NA;NA
1837;-0.4627;-0.8861;-0.3011;-0.8716;-0.8478;-1.2333;-0.7371;-1.9905;NA;NA
1838;-1.4437;-1.7371;-1.5001;-2.5766;-0.7937;-1.1996;-0.6281;-1.8707;NA;NA
1839;-1.4452;-2.0411;-1.8801;-3.0321;-0.6951;-1.1285;-0.4535;-1.7309;NA;NA
1840;0.2923;-0.4831;0.5094;-0.8421;-0.5936;-1.0531;-0.2777;-1.5326;NA;NA
1841;0.1753;-0.4786;0.1959;-1.0441;-0.5307;-1.006;-0.1652;-1.3121;NA;NA
1842;1.1558;0.7714;2.3289;1.0339;-0.4987;-0.9811;-0.1081;-1.1062;NA;NA
1843;0.1708;-0.1876;0.9529;-0.5391;-0.4669;-0.9543;-0.0577;-0.9515;NA;NA
1844;-1.8182;-2.3291;-0.8011;-1.8581;-0.4426;-0.9315;-0.0168;-0.836;NA;NA
1845;-0.9297;-1.3001;-0.8741;-1.6406;-0.4328;-0.9187;0.0114;-0.7289;NA;NA
1846;-0.5572;-0.9806;0.1064;0.1219;-0.4716;-0.941;-0.0135;-0.6382;NA;NA
1847;-0.6047;-1.1876;-0.0096;-1.3346;-0.5588;-0.998;-0.0961;-0.572;NA;NA
1848;-0.5937;-1.2311;-0.1671;-0.1936;-0.6502;-1.0576;-0.1852;-0.5514;NA;NA
1849;-0.6512;-0.9411;-0.4236;-1.0101;-0.7015;-1.0873;-0.2295;-0.5761;NA;NA
1850;-1.1992;-1.4801;-1.3926;-1.0821;-0.7286;-1.1031;-0.2578;-0.6223;NA;NA
1851;-0.4902;-1.0231;-0.4086;0.0099;-0.7637;-1.1283;-0.3088;-0.666;NA;NA
1852;-0.1642;-0.3111;0.3934;0.7889;-0.7872;-1.1419;-0.3467;-0.6836;NA;NA
1853;-1.5297;-1.5546;-0.9686;-1.8816;-0.7792;-1.1228;-0.3356;-0.6884;NA;NA
1854;-0.5112;-0.9681;0.2664;-0.0376;-0.7162;-1.0469;-0.2324;-0.701;NA;NA
1855;-0.0697;-0.3986;0.8529;0.2659;-0.6114;-0.9288;-0.0598;-0.7083;NA;NA
1856;-0.8432;-1.1816;-0.0646;-0.5646;-0.5004;-0.8051;0.1195;-0.6975;NA;NA
1857;-0.7972;-1.0331;-0.4136;-1.7051;-0.4187;-0.7125;0.243;-0.6534;NA;NA
1858;-1.3812;-1.8436;-0.8726;-2.4476;-0.3471;-0.6373;0.3341;-0.5834;NA;NA
1859;-0.6182;-1.1206;-0.1451;-1.7656;-0.2574;-0.5508;0.4408;-0.5077;NA;NA
1860;0.6328;0.2479;1.2799;0.1904;-0.1719;-0.4677;0.538;-0.4466;NA;NA
1861;0.2108;-0.1201;0.7434;-0.1131;-0.113;-0.4027;0.6004;-0.4206;NA;NA
1862;0.8188;1.0989;1.8284;1.5114;-0.0868;-0.3546;0.6115;-0.4298;NA;NA
1863;0.1603;0.0579;1.4074;0.1199;-0.0761;-0.3112;0.5902;-0.4548;NA;NA
1864;-0.1047;-0.3151;1.1064;-1.2401;-0.068;-0.2702;0.5638;-0.4867;NA;NA
1865;-0.1777;-0.7311;0.4924;-0.5836;-0.0494;-0.2293;0.5597;-0.5165;NA;NA
1866;0.4413;0.0569;0.2434;0.5759;-0.0279;-0.1898;0.5631;-0.5352;0.3444;NA
1867;-0.1037;-0.3806;0.1674;0.0739;-0.0163;-0.1559;0.5494;-0.5679;1.1934;NA
1868;-0.0912;-0.2446;0.5109;0.0349;-0.0094;-0.1303;0.5314;-0.6308;-2.4186;NA
1869;-1.4912;-1.5446;-1.6176;-2.9556;-0.002;-0.1159;0.5221;-0.7018;-1.4676;NA
1870;-0.6007;-0.3486;0.2699;-1.7286;0.0126;-0.1073;0.5287;-0.7586;-2.1726;NA
1871;0.1143;0.2319;0.8289;-1.3806;0.0321;-0.1012;0.5433;-0.7792;-0.2126;NA
1872;0.6173;0.4774;1.0384;-0.2566;0.0472;-0.1031;0.5554;-0.7324;-0.1816;NA
1873;-0.3327;-0.5581;0.2019;-1.6641;0.0491;-0.1188;0.5546;-0.6329;0.6474;NA
1874;0.4328;0.5324;1.5259;-0.4301;0.0523;-0.1408;0.5684;-0.527;1.4594;NA
1875;0.6898;0.2204;1.0869;0.1209;0.0665;-0.1631;0.6094;-0.4611;-0.2536;NA
1876;1.5163;0.9249;1.8849;1.7554;0.0751;-0.1925;0.644;-0.4194;0.5634;NA
1877;-0.8112;-1.0691;-0.6141;-0.6586;0.0615;-0.2362;0.639;-0.3647;-0.4256;NA
1878;0.3723;0.0319;0.4589;0.9224;-0.0116;-0.3437;0.5407;-0.3112;1.5954;NA
1879;-1.1332;-1.3756;0.1139;-2.0271;-0.1231;-0.4989;0.3868;-0.2729;-0.5826;NA
1880;0.5388;0.0699;1.6019;0.2654;-0.2023;-0.6108;0.2802;-0.2637;-0.5756;NA
1881;-0.9647;-1.5196;-0.5991;-0.8656;-0.2877;-0.7171;0.1822;-0.3211;0.5464;-0.1514
1882;-0.3152;-0.6896;0.3574;-0.3836;-0.4229;-0.8715;0.031;-0.4431;-2.3476;-0.2535
1883;-0.0312;-0.6646;0.0179;-0.4271;-0.545;-1.0073;-0.1047;-0.5851;0.9034;-0.3124
1884;-0.7922;-1.1616;-0.5701;-0.6491;-0.591;-1.0579;-0.156;-0.7026;-1.6526;-0.3176
1885;-1.0372;-1.4291;-0.6936;-1.6686;-0.5339;-0.9895;-0.0896;-0.7508;-1.7776;-0.2981
1886;-0.3267;-0.3966;0.0404;0.3409;-0.4177;-0.849;0.0461;-0.7027;1.2854;-0.2644
1887;-0.3097;-0.7636;-0.2051;-0.7271;-0.286;-0.6901;0.1972;-0.5878;0.3714;-0.2268
1888;-1.1197;-1.5131;-0.8196;-1.2511;-0.1822;-0.5665;0.3097;-0.4464;0.3684;-0.1958
1889;-1.1642;-2.1336;-0.6241;-1.0766;-0.0513;-0.4115;0.4556;-0.3189;1.0814;-0.1318
1890;0.3428;-0.3566;1.3689;-0.0481;0.1439;-0.1798;0.682;-0.2456;-1.9166;-0.0231
1891;1.1773;1.0744;1.9319;-0.3496;0.3321;0.043;0.8974;-0.1813;-0.0156;0.0774
1892;0.2518;0.0139;0.8829;-0.1296;0.4422;0.1711;1.0103;-0.0885;-1.3646;0.1172
1893;0.4573;0.6744;1.1334;-0.6256;0.4784;0.2112;1.0234;-0.0184;0.0174;0.0619
1894;2.1723;2.0199;2.6064;1.5164;0.4956;0.2294;1.0061;-0.0224;0.5734;-0.0519
1895;1.2128;0.8614;1.9349;0.4084;0.4987;0.2292;0.9669;-0.1462;2.7334;-0.1713
1896;0.3903;0.4294;0.5644;-0.2211;0.4928;0.2141;0.9146;-0.3635;-0.7036;-0.2431
1897;0.8353;0.6934;1.2274;0.7029;0.422;0.1139;0.7653;-0.6179;0.9554;-0.2866
1898;1.1418;0.4314;1.3524;0.8859;0.2759;-0.0818;0.5031;-0.8532;-2.0196;-0.3423
1899;-1.0107;-1.4236;-0.9691;-2.9421;0.1274;-0.2801;0.2388;-1.013;-0.4116;-0.3888
1900;-0.8077;-1.0326;-0.0521;-2.0071;0.0497;-0.3881;0.0829;-1.1415;-0.8686;-0.4046
1901;-0.7682;-1.2846;-0.9731;-1.6941;0.027;-0.431;0.0093;-1.297;0.3754;-0.3861
1902;0.1023;-0.3551;-0.1946;-1.6626;0.0019;-0.4829;-0.068;-1.4448;-2.2116;-0.3509
1903;-0.4017;-1.0631;-0.5536;-2.0426;-0.0152;-0.5237;-0.1282;-1.5499;-2.2006;-0.3088
1904;-0.3237;-1.2561;-1.2606;-2.7201;-0.0139;-0.5333;-0.1508;-1.5774;-0.1876;-0.27
1905;-0.6162;-1.4351;-1.0806;-1.6816;0.0464;-0.4624;-0.083;-1.4795;0.4714;-0.2445
1906;0.1333;-0.5111;0.0864;-1.6136;0.1654;-0.3167;0.0684;-1.2715;0.5784;-0.2085
1907;0.9843;0.6139;1.1879;-0.2496;0.2925;-0.1589;0.2348;-1.0136;0.4324;-0.1458
1908;0.3373;0.3854;0.9464;-1.0606;0.3768;-0.0519;0.3476;-0.7658;1.8784;-0.0774
1909;1.6018;1.3039;1.0099;0.1579;0.4457;0.0368;0.4532;-0.5882;0.4474;-0.0243
1910;2.3488;2.4089;2.4894;1.4384;0.5384;0.1562;0.6066;-0.4398;0.5714;0.0128
1911;0.1993;-0.1691;0.7369;-0.5486;0.6216;0.2683;0.7521;-0.2674;0.3424;0.0457
1912;-0.4562;-0.9526;-0.4261;-0.2826;0.662;0.3352;0.834;-0.1125;-3.6106;0.0717
1913;-0.5052;-0.8481;-0.0971;-1.4111;0.6553;0.354;0.8544;-0.0166;-0.5926;0.0879
1914;1.0093;0.4989;1.5814;1.0339;0.6233;0.349;0.8509;0.006;1.0754;0.0918
1915;0.1383;-0.1036;0.2269;-0.3986;0.572;0.3228;0.8212;-0.0195;-0.5206;0.0852
1916;0.8673;0.7779;0.6494;-0.6326;0.5072;0.2785;0.7627;-0.0752;0.0354;0.0721
1917;0.6573;0.2814;1.0124;0.0479;0.4227;0.2098;0.6649;-0.1434;-0.1676;0.0529
1918;0.7573;0.4994;0.9829;1.0569;0.3152;0.1159;0.5303;-0.2062;0.8284;0.0277
1919;-0.2892;-0.9056;-0.5271;-1.0001;0.1943;0.0073;0.3757;-0.2634;-0.3986;-0.0022
1920;0.2273;0.1304;0.4869;-0.6561;0.0701;-0.1055;0.2182;-0.3296;1.3714;-0.0364
1921;0.2268;0.2994;0.9274;-0.2846;-0.0951;-0.261;0.0057;-0.4094;1.2384;-0.0759
1922;0.1258;0.3749;0.2619;-1.1036;-0.3109;-0.4686;-0.2774;-0.5071;1.2174;-0.1215
1923;-0.8062;-0.3701;-0.5241;-0.6791;-0.5255;-0.6745;-0.5594;-0.6509;-2.1676;-0.1742
1924;0.0553;-0.3141;-0.1586;-0.3721;-0.6874;-0.8247;-0.7684;-0.8441;-0.4236;-0.2844
1925;0.0128;-0.2501;-0.5311;0.6239;-0.8206;-0.9462;-0.9455;-1.0538;-0.6286;-0.4563
1926;-2.7417;-3.2436;-3.0471;-1.4556;-0.9665;-1.0831;-1.1485;-1.2469;-2.9896;-0.6213
1927;-2.2572;-2.4571;-2.2906;-2.8636;-1.0992;-1.2072;-1.3316;-1.3906;-0.4246;-0.7109
1928;0.5013;0.3849;0.3999;-0.2721;-1.1929;-1.2903;-1.4489;-1.4994;3.5084;-0.7076
1929;-1.6027;-1.7586;-1.6806;-1.8321;-1.2154;-1.2988;-1.4628;-1.604;-2.2706;-0.6618
1930;-2.3097;-2.4776;-3.4086;-2.7546;-1.1842;-1.2521;-1.4056;-1.6962;-2.6436;-0.6066
1931;-2.5957;-2.7751;-3.0556;-1.9966;-1.1485;-1.201;-1.3359;-1.7677;-1.2286;-0.5753
1932;-1.5552;-1.5546;-1.9016;-2.4276;-1.1573;-1.1964;-1.3121;-1.8056;-0.7626;-0.5297
1933;-0.2007;0.0999;0.4384;-0.9091;-1.1899;-1.2117;-1.2867;-1.8114;-2.0326;-0.4386
1934;-0.7382;-0.4756;-0.9321;-3.0611;-1.2037;-1.2018;-1.2071;-1.7976;1.6524;-0.3454
1935;0.2543;0.2964;0.3704;-1.0746;-1.2154;-1.1897;-1.1254;-1.7771;1.4444;-0.2936
1936;-0.3312;-0.2956;-0.4356;-1.5396;-1.242;-1.1985;-1.0935;-1.7624;1.7084;-0.2788
1937;-0.4322;-0.4151;-0.3096;-1.1251;-1.2975;-1.2484;-1.1166;-1.7443;-1.2456;-0.2701
1938;-0.2252;-0.3111;0.5424;-0.5956;-1.3737;-1.3277;-1.1594;-1.7114;1.6514;-0.2711
1939;-2.7572;-2.5981;-2.4146;-2.1421;-1.4538;-1.4118;-1.2128;-1.6736;-3.5606;-0.2853
1940;-3.5542;-3.7591;-2.8661;-2.0561;-1.5206;-1.4762;-1.268;-1.6404;-2.6886;-0.3164
1941;-2.9872;-2.8341;-2.7526;-2.2141;-1.6442;-1.5937;-1.4118;-1.6217;1.6184;-0.4215
1942;-2.3377;-2.1456;-2.2436;-2.2906;-1.8228;-1.768;-1.6333;-1.6414;-0.6956;-0.6032
1943;-1.4082;-1.4871;-1.0251;-1.8821;-1.9316;-1.8706;-1.7769;-1.6968;-0.7656;-0.7831
1944;-0.2062;-0.6471;-0.7146;0.0434;-1.9634;-1.8923;-1.8538;-1.7579;1.4784;-0.8827
1945;-1.1432;-0.8196;-1.4276;-0.8971;-1.9837;-1.8999;-1.9486;-1.7945;-1.4986;-0.901
1946;-2.1177;-1.8981;-1.7546;-2.2001;-1.977;-1.8788;-2.0153;-1.7766;-1.6486;-0.8933
1947;-3.1557;-2.7841;-3.3131;-3.3506;-1.9278;-1.8147;-2.0077;-1.721;-1.4616;-0.8659
1948;-1.1702;-1.0596;-1.1726;-1.3046;-1.8218;-1.6923;-1.9142;-1.6546;0.3954;-0.825
1949;-1.7382;-1.4316;-2.0691;-1.7881;-1.6698;-1.5218;-1.768;-1.5618;-2.3086;-0.7767
1950;-1.9972;-2.0271;-2.0116;-0.6981;-1.4945;-1.3267;-1.5908;-1.4272;-2.8966;-0.7223
1951;-1.3092;-1.1341;-1.0766;-0.7681;-1.3183;-1.1305;-1.4042;-1.2108;0.8404;-0.6562
1952;-2.9512;-2.5491;-3.3621;-2.8246;-1.0925;-0.8808;-1.1435;-0.9139;-1.0856;-0.5749
1953;0.0863;0.0249;-0.2851;-0.7606;-0.798;-0.5577;-0.7891;-0.5831;1.3144;-0.4746
1954;-0.1817;-0.0581;-0.4181;-0.3066;-0.5013;-0.2336;-0.4297;-0.265;0.2524;-0.3048
1955;0.2093;0.3384;0.4479;-0.0686;-0.269;0.0188;-0.1543;-0.0059;0.0674;-0.0563
1956;-0.0987;0.2844;0.5379;0.4564;-0.0476;0.2594;0.1025;0.246;0.2804;0.2117
1957;-0.6097;-0.2541;-0.4856;0.2289;0.2185;0.5489;0.414;0.5344;-1.5996;0.4403
1958;0.2383;0.6954;0.2344;1.3459;0.4656;0.8161;0.7036;0.7996;-1.0716;0.5704
1959;1.1753;1.6274;2.1869;1.5624;0.6299;0.9904;0.8949;0.9824;1.8284;0.5935
1960;0.7818;1.3884;1.2984;1.2849;0.6894;1.0467;0.9604;1.0594;-0.1386;0.5632
1961;1.5788;1.9934;1.8629;2.2614;0.6893;1.0356;0.9542;1.0682;1.8444;0.5139
1962;1.6858;1.9049;1.6339;0.6044;0.6667;0.9991;0.9216;1.0404;2.9514;0.4801
1963;2.9598;3.3069;2.7344;2.9679;0.6585;0.9793;0.9077;1.0076;3.4134;0.4399
1964;0.2143;0.5669;0.7504;0.6874;0.6279;0.93;0.864;1.0013;-0.0066;0.3656
1965;-1.6182;-1.4171;-1.7771;-1.4201;0.5417;0.8129;0.7494;0.993;-3.6986;0.2832
1966;-0.8827;-0.7416;-0.2706;-0.0141;0.4425;0.682;0.6209;0.9498;0.0194;0.2185
1967;-0.6887;-0.3156;-0.4241;0.2184;0.373;0.591;0.5354;0.8968;-0.9276;0.1325
1968;0.1773;0.3344;0.4159;1.4579;0.3146;0.5212;0.4785;0.8592;-0.3816;-2e-04
1969;0.9238;0.7269;0.7164;0.7609;0.2349;0.4319;0.408;0.8516;-0.1936;-0.1343
1970;0.7288;0.6454;0.4614;0.8214;0.1557;0.3442;0.3396;0.8642;0.9064;-0.2243
1971;0.9013;1.3644;1.2294;2.4889;0.0986;0.2793;0.2887;0.8853;0.0194;-0.2414
1972;-0.9652;-0.5436;-0.9146;0.5714;0.111;0.2909;0.3128;0.9034;-0.8616;-0.2069
1973;0.3728;0.3309;0.6929;1.1794;0.1683;0.3539;0.3895;0.9068;-0.0976;-0.1507
1974;1.5988;2.0679;2.4314;1.7399;0.1841;0.3711;0.4151;0.8832;1.8064;-0.1027
1975;-0.1162;0.2169;0.4279;0.7789;0.1181;0.3022;0.3527;0.834;-0.4316;-0.0926
1976;-0.5312;-0.5246;-0.6376;0.0109;0.0138;0.1963;0.2553;0.7693;-0.3796;-0.142
1977;-0.8927;-0.6666;-0.5536;-0.3366;-0.0905;0.0903;0.1546;0.6987;-2.9106;-0.2293
1978;0.3293;0.5614;-0.1416;0.1079;-0.156;0.0208;0.082;0.6322;1.9104;-0.3194
1979;0.7078;0.8539;1.1674;1.1589;-0.2141;-0.0442;-7e-04;0.5612;0.1234;-0.3774
1980;-0.3927;-0.4746;-0.1101;1.0094;-0.2955;-0.1345;-0.12;0.4807;-1.9596;-0.4238
1981;0.0383;0.1239;0.4834;0.9499;-0.361;-0.2102;-0.2268;0.4054;1.1494;-0.4887
1982;0.0658;0.3129;0.2794;1.3294;-0.3714;-0.2317;-0.2723;0.35;0.3954;-0.5511
1983;-1.1922;-0.9476;-1.4571;0.1469;-0.3283;-0.1916;-0.2511;0.3293;-1.9706;-0.5903
1984;-0.8407;-0.6871;-0.7731;-0.3146;-0.262;-0.1196;-0.2003;0.332;-0.4426;-0.5854
1985;-1.5132;-1.4991;-1.7551;-0.7616;-0.1758;-0.0314;-0.1338;0.3408;-1.5486;-0.5466
1986;-0.8882;-0.9371;-0.4841;-0.7171;-0.0732;0.0573;-0.0655;0.3615;-1.1116;-0.4936
1987;-0.0247;0.0659;-0.0181;-0.0061;0.0659;0.1611;0.0144;0.3996;-0.2296;-0.42
1988;1.1598;1.2489;0.8974;1.4609;0.2483;0.2958;0.1198;0.467;0.0634;-0.3193
1989;1.9178;2.0979;1.1144;1.0079;0.4506;0.4475;0.2427;0.5669;0.4064;-0.1522
1990;2.1118;2.5569;2.0559;2.0679;0.6498;0.6027;0.3747;0.6917;0.9724;0.0856
1991;0.9078;0.7699;0.6474;1.8339;0.8972;0.7984;0.5526;0.8341;-0.7736;0.3485
1992;0.2178;0.0624;0.6089;0.0424;NA;NA;NA;NA;-0.7616;NA
1993;-0.3672;-0.4946;-0.2866;-0.3411;NA;NA;NA;NA;0.8994;NA
1994;1.4413;1.0019;0.8944;0.1159;NA;NA;NA;NA;0.8504;NA
1995;2.2178;2.0209;1.3954;1.2859;NA;NA;NA;NA;2.6464;NA
1996;2.1858;1.3099;0.8109;1.7974;NA;NA;NA;NA;1.0234;NA
1997;2.3823;1.8344;0.8649;2.3119;NA;NA;NA;NA;0.9944;NA
1998;1.9488;1.0994;1.1859;2.2514;NA;NA;NA;NA;1.6214;NA
1999;4.9128;4.5739;3.7909;4.2869;NA;NA;NA;NA;3.1144;NA
2000;4.8253;5.0369;4.4424;5.1864;NA;NA;NA;NA;2.9204;NA
2001;1.2538;0.9914;1.6174;1.7799;NA;NA;NA;NA;0.2834;NA
2002;0.9193;0.4824;1.1999;1.7604;NA;NA;NA;NA;1.2714;NA
2003;1.5908;1.5419;0.5339;2.3834;NA;NA;NA;NA;1.9134;NA
2004;0.7948;1.6104;0.9279;1.7539;NA;NA;NA;NA;0.3954;NA
2005;2.2998;2.0259;2.0824;1.4844;NA;NA;NA;NA;-0.2316;NA
