Year;Cor reconstruction;Cor & Stat reconstruction;Sign Test reconstruction;Abram reconstruction;Cor reconstruction 30yr filtered;Cor & Stat reconstruction 30yr filtered;Sign Test reconstruction 30yr filtered;Abram reconstruction 30yr filtered;Target SAM (Fogt);Target SAM (Fogt) 30yr filtered
1000;-0.9115;-0.8253;-1.2855;-1.2855;NA;NA;NA;NA;NA;NA
1001;0.104;0.3047;-1.361;-0.7015;NA;NA;NA;NA;NA;NA
1002;0.454;0.5322;-0.6465;-0.2905;NA;NA;NA;NA;NA;NA
1003;0.076;0.1587;-0.326;-0.1975;NA;NA;NA;NA;NA;NA
1004;0.004;-0.0303;0.249;-0.0785;NA;NA;NA;NA;NA;NA
1005;-0.8685;-0.7968;-0.253;-0.8015;NA;NA;NA;NA;NA;NA
1006;0.22;0.2267;0.6265;-0.135;NA;NA;NA;NA;NA;NA
1007;0.7085;0.6127;0.9285;0.1145;NA;NA;NA;NA;NA;NA
1008;0.215;0.1247;0.381;-0.0525;NA;NA;NA;NA;NA;NA
1009;0.457;0.3887;0.3985;-0.073;NA;NA;NA;NA;NA;NA
1010;0.522;0.5092;-0.086;-0.068;NA;NA;NA;NA;NA;NA
1011;0.594;0.6387;-0.292;0.158;NA;NA;NA;NA;NA;NA
1012;-0.3895;-0.1748;-0.981;-0.3025;NA;NA;NA;NA;NA;NA
1013;-0.352;-0.1918;-0.577;-0.3145;NA;NA;NA;NA;NA;NA
1014;-0.7345;-0.6478;-0.6185;-0.242;NA;NA;NA;NA;NA;NA
1015;0.778;0.9172;-0.082;0.6235;0.0073;0.0441;-0.2754;-0.0683;NA;NA
1016;-0.2245;-0.2158;-0.452;-0.0065;-0.0725;-0.0366;-0.2802;-0.1165;NA;NA
1017;-0.5705;-0.6618;-0.249;-0.368;-0.184;-0.1512;-0.2686;-0.1913;NA;NA
1018;-1.1605;-1.0648;-1.0145;-1.2145;-0.2968;-0.2673;-0.2524;-0.2687;NA;NA
1019;0.657;0.6027;-0.0255;-0.054;-0.3804;-0.3524;-0.2431;-0.3246;NA;NA
1020;0.916;0.8882;0.82;0.528;-0.4325;-0.4055;-0.2233;-0.3569;NA;NA
1021;0.7565;0.5982;0.921;0.693;-0.4756;-0.451;-0.1824;-0.3842;NA;NA
1022;-1.395;-1.3843;-0.1865;-0.934;-0.5163;-0.4937;-0.1429;-0.4131;NA;NA
1023;-2.051;-1.9538;-0.967;-1.2115;-0.5613;-0.5388;-0.1271;-0.4501;NA;NA
1024;-1.1035;-1.0438;-0.274;-1.1615;-0.625;-0.5959;-0.1483;-0.5009;NA;NA
1025;-1.1495;-1.0083;-0.4135;-1.067;-0.7049;-0.6627;-0.1923;-0.5613;NA;NA
1026;-0.396;-0.3243;-0.1525;-0.507;-0.7814;-0.7262;-0.2405;-0.6228;NA;NA
1027;-0.955;-0.8338;-0.853;-0.833;-0.8353;-0.7733;-0.2746;-0.677;NA;NA
1028;-0.707;-0.6698;0.072;-0.225;-0.871;-0.8078;-0.3109;-0.7425;NA;NA
1029;-0.199;-0.1833;0.108;0.1815;-0.9019;-0.8381;-0.3642;-0.8254;NA;NA
1030;0.1275;0.1987;-0.278;0.107;-0.9208;-0.8583;-0.4131;-0.8987;NA;NA
1031;-0.4465;-0.4868;-0.208;-0.6725;-0.9209;-0.8619;-0.4362;-0.9353;NA;NA
1032;-1.4735;-1.3683;-0.746;-1.496;-0.8845;-0.8368;-0.4205;-0.9318;NA;NA
1033;-2.229;-2.0938;-0.7295;-1.8005;-0.8164;-0.7878;-0.3802;-0.9098;NA;NA
1034;-1.472;-1.4313;-0.7165;-1.5955;-0.7441;-0.7347;-0.3353;-0.8794;NA;NA
1035;0.257;0.2272;0.1705;-0.6995;-0.6947;-0.6973;-0.306;-0.8509;NA;NA
1036;-1.117;-1.0998;-0.652;-1.6625;-0.6569;-0.6662;-0.2821;-0.8107;NA;NA
1037;-1.4415;-1.5603;-0.481;-1.4315;-0.6091;-0.6255;-0.2485;-0.7497;NA;NA
1038;0.2615;0.3247;-0.369;-0.2865;-0.5631;-0.5849;-0.2176;-0.6854;NA;NA
1039;0.3545;0.2557;0.3325;0.386;-0.5306;-0.5542;-0.2019;-0.6351;NA;NA
1040;-0.873;-0.8898;-0.4525;-0.1495;-0.4934;-0.5139;-0.1963;-0.5673;NA;NA
1041;-0.8065;-0.8448;-0.2495;-0.7465;-0.4402;-0.4542;-0.1899;-0.4644;NA;NA
1042;0.5445;0.4062;0.6025;0.219;-0.3935;-0.3997;-0.1862;-0.3644;NA;NA
1043;0.604;0.5337;0.626;0.4645;-0.3759;-0.375;-0.1887;-0.3058;NA;NA
1044;-1.2785;-1.2348;-0.389;-0.865;-0.4147;-0.4034;-0.2041;-0.3053;NA;NA
1045;-0.7325;-0.6413;-0.1805;-0.41;-0.4973;-0.47;-0.2322;-0.3384;NA;NA
1046;-1.0925;-0.9558;-0.9315;-0.779;-0.5857;-0.5419;-0.2659;-0.3809;NA;NA
1047;-1.223;-0.9668;-1.411;-0.96;-0.6419;-0.586;-0.2983;-0.4088;NA;NA
1048;0.275;0.2517;-0.519;0.0185;-0.6724;-0.6058;-0.3438;-0.4311;NA;NA
1049;-0.0745;-0.0428;-0.042;-0.1665;-0.7061;-0.6264;-0.4082;-0.467;NA;NA
1050;-0.8255;-0.7923;0.012;-0.5355;-0.7387;-0.6476;-0.4724;-0.5074;NA;NA
1051;-1.3925;-1.3723;-0.0865;-0.8335;-0.766;-0.6689;-0.5172;-0.5435;NA;NA
1052;-1.6105;-1.4648;-0.6365;-1.079;-0.7927;-0.6966;-0.5462;-0.5829;NA;NA
1053;-0.7795;-0.7018;-0.244;-0.6965;-0.8208;-0.73;-0.5727;-0.6313;NA;NA
1054;-0.939;-0.8058;-0.6175;-0.4575;-0.8421;-0.7585;-0.592;-0.6765;NA;NA
1055;-0.257;-0.2258;-0.517;-0.215;-0.8486;-0.7717;-0.5995;-0.7062;NA;NA
1056;-0.6335;-0.4963;-1.1125;-0.444;-0.8329;-0.7632;-0.6093;-0.7351;NA;NA
1057;-0.2355;-0.0538;-0.718;-0.3035;-0.801;-0.7406;-0.6274;-0.7738;NA;NA
1058;-0.544;-0.5003;-0.888;-0.5975;-0.7643;-0.7143;-0.6365;-0.804;NA;NA
1059;-0.345;-0.3638;-0.2265;-0.8925;-0.7346;-0.6943;-0.619;-0.8076;NA;NA
1060;-1.606;-1.6798;-0.9575;-1.5655;-0.6803;-0.6546;-0.5533;-0.7742;NA;NA
1061;-1.432;-1.4303;-0.475;-1.4735;-0.601;-0.5946;-0.4582;-0.722;NA;NA
1062;-1.7845;-1.7523;-0.568;-1.18;-0.555;-0.563;-0.3773;-0.6752;NA;NA
1063;-0.202;-0.2503;0.2215;-0.378;-0.5654;-0.5854;-0.2806;-0.6202;NA;NA
1064;-0.162;-0.1438;-0.413;-0.667;-0.6012;-0.6361;-0.1408;-0.5418;NA;NA
1065;0.177;0.2327;-0.4495;-0.1685;-0.639;-0.6869;-0.0051;-0.4619;NA;NA
1066;0.479;0.3992;-0.3405;-0.139;-0.6556;-0.7099;0.079;-0.4022;NA;NA
1067;-0.8725;-1.0683;0.4535;-0.342;-0.6691;-0.7214;0.1137;-0.3493;NA;NA
1068;0.108;0.0552;1.0195;0.4935;-0.6971;-0.7423;0.1353;-0.2839;NA;NA
1069;-0.542;-0.6168;0.6325;0.051;-0.7153;-0.7515;0.1471;-0.2191;NA;NA
1070;-1.8905;-1.8748;-0.0125;-0.481;-0.6995;-0.7276;0.1527;-0.168;NA;NA
1071;-0.675;-0.7128;0.688;0.3185;-0.6384;-0.6556;0.1487;-0.1283;NA;NA
1072;-0.9235;-1.0403;0.651;-0.058;-0.553;-0.5539;0.1301;-0.0931;NA;NA
1073;-1.7185;-1.6073;-0.8285;-0.7945;-0.4678;-0.4518;0.0988;-0.069;NA;NA
1074;-0.8625;-0.8258;-0.445;-0.4495;-0.407;-0.3785;0.0563;-0.0624;NA;NA
1075;-1.1555;-1.1213;-0.83;-0.779;-0.3366;-0.2957;-0.0172;-0.0751;NA;NA
1076;0.689;0.7652;0.072;0.006;-0.2319;-0.1749;-0.1245;-0.1013;NA;NA
1077;0.5735;0.6682;-0.113;-0.082;-0.1316;-0.0597;-0.2382;-0.1364;NA;NA
1078;-0.2755;-0.0578;-0.882;-0.121;-0.0739;0.0066;-0.3309;-0.1761;NA;NA
1079;0.8945;1.0247;0.3625;0.5155;-0.0522;0.0277;-0.4067;-0.2285;NA;NA
1080;0.8845;0.8192;0.2745;0.3815;-0.0366;0.0373;-0.4846;-0.2958;NA;NA
1081;1.2875;1.2107;0.5745;0.3525;-0.0304;0.0361;-0.5591;-0.3649;NA;NA
1082;0.23;0.3877;-0.7575;-0.2375;-0.0369;0.0248;-0.625;-0.4226;NA;NA
1083;-1.3665;-1.1738;-1.771;-1.1865;-0.091;-0.0342;-0.6978;-0.4921;NA;NA
1084;-0.4665;-0.3573;-1.49;-0.862;-0.1979;-0.1496;-0.7842;-0.5874;NA;NA
1085;-2.0255;-2.0543;-1.3925;-1.6195;-0.3165;-0.277;-0.8656;-0.6817;NA;NA
1086;-1.256;-1.2678;-0.7555;-1.164;-0.4053;-0.3718;-0.9237;-0.7484;NA;NA
1087;-0.301;-0.3933;-0.431;-0.3565;-0.5007;-0.4702;-0.9716;-0.8064;NA;NA
1088;-0.029;-0.0453;-0.5235;-0.823;-0.633;-0.605;-1.0237;-0.876;NA;NA
1089;-0.4795;-0.3898;-1.489;-1.3335;-0.7528;-0.7268;-1.0631;-0.9326;NA;NA
1090;0.0925;0.0572;-1.033;-0.594;-0.8103;-0.7862;-1.0728;-0.9518;NA;NA
1091;0.5565;0.5672;-0.8915;-0.091;-0.7842;-0.7599;-1.0384;-0.9111;NA;NA
1092;-0.3415;-0.1898;-0.7935;-0.4345;-0.7081;-0.6813;-0.9699;-0.8253;NA;NA
1093;-1.565;-1.4498;-1.3215;-1.3575;-0.615;-0.5857;-0.8874;-0.726;NA;NA
1094;-2.198;-2.1673;-1.214;-1.241;-0.5375;-0.5085;-0.8107;-0.6448;NA;NA
1095;-0.7485;-0.8278;-0.2995;-0.4565;-0.4526;-0.4263;-0.7217;-0.5553;NA;NA
1096;-0.855;-0.8533;-0.8065;-0.7005;-0.3381;-0.3148;-0.6057;-0.4343;NA;NA
1097;-0.0015;0.0672;-0.401;-0.379;-0.2275;-0.2078;-0.4883;-0.3174;NA;NA
1098;-1.2815;-1.2968;-1.069;-1.101;-0.1546;-0.1391;-0.3953;-0.2405;NA;NA
1099;0.7785;0.7627;0.084;0.4205;-0.0871;-0.0795;-0.3001;-0.1827;NA;NA
1100;5e-04;0.0852;-0.385;-0.0885;0.0068;0.0027;-0.1804;-0.1141;NA;NA
1101;1.0925;1.1977;-0.35;0.3925;0.0926;0.0769;-0.0678;-0.0572;NA;NA
1102;1.4795;1.4892;0.4395;0.6425;0.1358;0.1129;0.006;-0.0341;NA;NA
1103;1.185;0.8097;1.684;0.3285;0.1138;0.0871;0.0403;-0.0632;NA;NA
1104;0.702;0.7922;0;0.618;0.0488;0.0185;0.0577;-0.1298;NA;NA
1105;-1.909;-1.9078;-0.644;-0.974;-0.0268;-0.0593;0.062;-0.2068;NA;NA
1106;-1.0125;-1.0578;-0.2945;-0.643;-0.0802;-0.1127;0.0568;-0.2672;NA;NA
1107;-0.6595;-0.6338;-0.3415;-0.484;-0.1674;-0.1948;-9e-04;-0.3651;NA;NA
1108;1.051;0.9497;0.436;0.039;-0.3192;-0.3371;-0.1173;-0.5261;NA;NA
1109;-1.2685;-1.3368;-0.0095;-1.2485;-0.4658;-0.4738;-0.2339;-0.6804;NA;NA
1110;-0.286;-0.2883;0.118;-0.662;-0.5375;-0.539;-0.2924;-0.7583;NA;NA
1111;-0.4435;-0.3683;-0.7585;-0.6255;-0.5107;-0.5066;-0.3062;-0.7546;NA;NA
1112;-1.0255;-1.0593;0.078;-1.0695;-0.4333;-0.421;-0.3205;-0.7203;NA;NA
1113;-1.2205;-1.2618;-0.514;-1.2335;-0.3422;-0.3223;-0.3237;-0.6694;NA;NA
1114;-0.8855;-0.7473;-1.2225;-1.1715;-0.2745;-0.2505;-0.3046;-0.6165;NA;NA
1115;1.996;2.1127;-0.3415;0.4185;-0.1948;-0.1721;-0.2359;-0.518;NA;NA
1116;-0.674;-0.6538;-0.6915;-1.028;-0.0726;-0.0544;-0.1237;-0.3591;NA;NA
1117;-0.269;-0.2518;-0.252;-0.694;0.0478;0.061;-0.0058;-0.1968;NA;NA
1118;-0.144;-0.0788;-0.194;-0.33;0.1221;0.1322;0.0797;-0.0882;NA;NA
1119;-0.023;-0.0633;0.6405;0.3555;0.1639;0.1712;0.1675;-0.012;NA;NA
1120;0.7175;0.7672;0.861;0.9795;0.2074;0.2098;0.2901;0.0767;NA;NA
1121;2.057;1.8552;1.7515;1.5405;0.2399;0.2372;0.4058;0.1561;NA;NA
1122;0.2455;0.1722;0.274;0.1125;0.2482;0.2422;0.4732;0.2043;NA;NA
1123;0.183;0.1717;0.1005;0.1505;0.2014;0.1945;0.4787;0.1873;NA;NA
1124;-1.255;-1.1363;-0.191;-0.4075;0.1154;0.1086;0.458;0.1296;NA;NA
1125;-0.6065;-0.5823;0.8055;-0.367;0.0477;0.0401;0.4435;0.097;NA;NA
1126;0.0385;-0.0248;0.921;0.228;-0.0225;-0.032;0.4123;0.0757;NA;NA
1127;1.012;0.8412;1.1275;0.6855;-0.1291;-0.1405;0.3418;0.0255;NA;NA
1128;-0.8255;-0.5928;-0.582;-0.565;-0.2341;-0.2466;0.2644;-0.0272;NA;NA
1129;-0.284;-0.3078;0.293;-0.5495;-0.2996;-0.3116;0.2127;-0.0559;NA;NA
1130;0.794;0.8952;-0.3005;-0.0675;-0.3175;-0.3279;0.1835;-0.0538;NA;NA
1131;-1.0035;-0.9953;-0.8065;-0.711;-0.3147;-0.3233;0.1534;-0.0382;NA;NA
1132;-0.6765;-0.7973;0.0815;-0.2325;-0.3058;-0.3121;0.1246;-0.0189;NA;NA
1133;-1.148;-1.1448;-0.0495;-0.116;-0.3056;-0.3085;0.0992;-0.0054;NA;NA
1134;-0.424;-0.4853;0.3065;0.7085;-0.3054;-0.3024;0.078;0.0089;NA;NA
1135;-0.418;-0.5393;0.681;0.651;-0.2942;-0.2828;0.0604;0.0323;NA;NA
1136;0.7495;0.7347;1.141;0.969;-0.2822;-0.2625;0.0469;0.0584;NA;NA
1137;-0.2615;-0.3033;0.2725;0.096;-0.2798;-0.2548;0.0376;0.0804;NA;NA
1138;-0.4075;-0.2893;-0.5795;-0.246;-0.278;-0.2481;0.0361;0.1043;NA;NA
1139;-0.4955;-0.3553;-0.4225;-0.6025;-0.2671;-0.2305;0.0418;0.1341;NA;NA
1140;0.778;0.9427;-0.139;0.077;-0.2569;-0.2142;0.0493;0.1599;NA;NA
1141;-0.216;-0.1583;0.132;-0.327;-0.2572;-0.2115;0.0532;0.1719;NA;NA
1142;0.0405;0.0332;0.2585;0.2945;-0.2752;-0.2305;0.0453;0.1645;NA;NA
1143;-1.38;-1.2373;-0.513;-0.1095;-0.3061;-0.2649;0.0281;0.1445;NA;NA
1144;-0.789;-0.7573;-0.0985;0.1655;-0.3415;-0.3048;0.0116;0.1204;NA;NA
1145;-0.223;-0.2423;-0.082;0.5895;-0.3733;-0.3404;0.006;0.1009;NA;NA
1146;-1.1295;-1.2498;0.3395;0.1415;-0.4068;-0.3805;0.0252;0.0902;NA;NA
1147;0.7425;0.8232;0.3695;0.796;-0.4475;-0.4323;0.0648;0.0841;NA;NA
1148;-0.019;0.0227;0.389;0.5205;-0.4875;-0.4837;0.1076;0.0783;NA;NA
1149;-0.605;-0.7113;0.096;-0.0525;-0.5187;-0.5224;0.1362;0.0683;NA;NA
1150;-1.7255;-1.7158;0.0445;-0.973;-0.5468;-0.5532;0.1581;0.0378;NA;NA
1151;0.021;-0.0193;0.0785;-0.0075;-0.5782;-0.5848;0.185;-0.0131;NA;NA
1152;0.529;0.5382;0.521;0.4925;-0.6048;-0.6111;0.2064;-0.0643;NA;NA
1153;-1.2595;-1.2168;-0.531;-0.587;-0.6191;-0.6261;0.2115;-0.0958;NA;NA
1154;-1.477;-1.3873;-0.31;-0.7715;-0.6342;-0.6415;0.1909;-0.1097;NA;NA
1155;-0.402;-0.4558;0.189;-0.0235;-0.6578;-0.6636;0.1522;-0.1204;NA;NA
1156;-1.062;-1.1188;0.4895;-0.0335;-0.6737;-0.6781;0.1104;-0.126;NA;NA
1157;0.875;0.8767;1.3335;1.037;-0.6653;-0.6706;0.0808;-0.1245;NA;NA
1158;-1.433;-1.4093;0.108;-0.5505;-0.6158;-0.6263;0.0539;-0.1053;NA;NA
1159;-0.692;-0.7718;0.114;-0.2295;-0.5355;-0.554;0.0182;-0.0683;NA;NA
1160;-0.7565;-0.7523;-0.4905;-0.2435;-0.4489;-0.4756;-0.0144;-0.0275;NA;NA
1161;-0.977;-0.9828;-0.2805;-0.2135;-0.3808;-0.4126;-0.0319;0.0029;NA;NA
1162;-0.6475;-0.5853;-0.5365;0.0785;-0.3023;-0.3386;-0.0349;0.0277;NA;NA
1163;0.92;0.8022;0.271;0.6795;-0.1928;-0.2356;-0.0336;0.0571;NA;NA
1164;-0.343;-0.4143;-0.3095;-0.1735;-0.0893;-0.1372;-0.0306;0.0856;NA;NA
1165;-0.3545;-0.3418;-0.609;-0.154;-0.0289;-0.0773;-0.0286;0.1074;NA;NA
1166;0.441;0.3562;0.2235;0.449;-0.0084;-0.0501;-0.0165;0.1312;NA;NA
1167;0.777;0.7292;0.194;0.2855;0.001;-0.0294;0.0099;0.1617;NA;NA
1168;-0.082;-0.2308;0.1895;-0.0685;-2e-04;-0.0184;0.0378;0.1875;NA;NA
1169;-0.7805;-0.7793;-0.0625;-0.5615;-0.011;-0.0204;0.0544;0.197;NA;NA
1170;0.7965;0.7387;0.522;0.575;-0.0551;-0.0553;0.0533;0.1798;NA;NA
1171;-0.012;0.0557;0.305;0.3945;-0.1365;-0.1239;0.0439;0.1439;NA;NA
1172;0.015;0.0147;0.448;0.427;-0.2258;-0.2008;0.0372;0.1057;NA;NA
1173;-0.8685;-0.7833;-0.142;0.0875;-0.2933;-0.261;0.0441;0.0815;NA;NA
1174;-0.136;-0.0403;0.163;0.8425;-0.3588;-0.3238;0.0643;0.0686;NA;NA
1175;-1.231;-1.1108;-0.0415;-0.037;-0.4454;-0.4092;0.0876;0.0546;NA;NA
1176;-1.2315;-1.0838;-0.4985;-0.572;-0.5289;-0.4922;0.11;0.0405;NA;NA
1177;-0.409;-0.3668;-0.5805;-0.5135;-0.585;-0.5479;0.1278;0.0272;NA;NA
1178;0.566;0.5357;0.2635;0.399;-0.6085;-0.5726;0.1496;0.0187;NA;NA
1179;-0.878;-0.8953;-0.2565;-0.752;-0.6166;-0.5843;0.1798;0.0136;NA;NA
1180;-0.53;-0.4933;0.177;-0.25;-0.6183;-0.591;0.2087;0.005;NA;NA
1181;-0.598;-0.7763;0.602;0.2085;-0.623;-0.6009;0.2268;-0.014;NA;NA
1182;-1.462;-1.4688;0.9345;0.15;-0.6235;-0.6076;0.2438;-0.0451;NA;NA
1183;-0.641;-0.6618;1.1765;0.431;-0.6118;-0.6038;0.2693;-0.0809;NA;NA
1184;0.1835;0.1382;1.0095;0.5745;-0.5954;-0.5958;0.2928;-0.1146;NA;NA
1185;-0.6155;-0.4368;-0.513;-0.139;-0.5819;-0.5901;0.3041;-0.1395;NA;NA
1186;-1.1155;-0.9488;-0.632;-0.476;-0.5747;-0.5903;0.3045;-0.1592;NA;NA
1187;-0.036;-0.0408;0.3515;-0.0215;-0.5683;-0.5913;0.2986;-0.1799;NA;NA
1188;-0.2545;-0.3158;0.2975;0.113;-0.5569;-0.5864;0.2805;-0.199;NA;NA
1189;-0.3125;-0.3988;-0.0115;-0.43;-0.5219;-0.5606;0.2427;-0.2139;NA;NA
1190;-1.365;-1.4133;-0.0365;-1.355;-0.4648;-0.5165;0.1879;-0.2274;NA;NA
1191;-0.901;-1.0553;-0.008;-0.977;-0.4107;-0.4745;0.125;-0.2446;NA;NA
1192;-0.985;-0.9713;-0.2335;-0.659;-0.3843;-0.4551;0.0631;-0.2706;NA;NA
1193;0.508;0.3667;0.7615;0.314;-0.3923;-0.4653;-0.0124;-0.3067;NA;NA
1194;0.6945;0.5202;1.0015;0.793;-0.4163;-0.4902;-0.107;-0.3465;NA;NA
1195;-0.5205;-0.5938;-0.0315;0.073;-0.444;-0.5175;-0.198;-0.3843;NA;NA
1196;-1.267;-1.4143;-0.223;-0.55;-0.463;-0.5345;-0.2624;-0.4139;NA;NA
1197;-0.8215;-0.7253;-0.8595;-0.529;-0.489;-0.5521;-0.3296;-0.4517;NA;NA
1198;-0.236;-0.2958;-0.4585;-0.364;-0.5322;-0.58;-0.4212;-0.504;NA;NA
1199;0.872;0.7362;-0.129;0.0935;-0.5726;-0.6043;-0.5028;-0.5503;NA;NA
1200;0.0945;0.1312;-1.2105;-0.49;-0.5896;-0.6107;-0.5401;-0.5699;NA;NA
1201;-0.9705;-1.0298;-0.9125;-1.1765;-0.5901;-0.6049;-0.5174;-0.5698;NA;NA
1202;-2.6495;-2.5408;-1.281;-1.71;-0.5911;-0.5992;-0.4586;-0.5677;NA;NA
1203;-0.969;-0.9358;-0.448;-0.93;-0.5875;-0.5898;-0.3892;-0.559;NA;NA
1204;-1.1075;-0.9508;-0.705;-1.0075;-0.5745;-0.5726;-0.3346;-0.5393;NA;NA
1205;0.535;0.3597;0.533;0.211;-0.5209;-0.5189;-0.2391;-0.4641;NA;NA
1206;-1.446;-1.4268;-0.3785;-0.8305;-0.427;-0.4286;-0.0778;-0.3312;NA;NA
1207;1.016;0.9387;0.6555;0.538;-0.3348;-0.3404;0.078;-0.1998;NA;NA
1208;0.108;0.0932;0.2205;0.098;-0.2865;-0.2932;0.157;-0.1289;NA;NA
1209;-0.66;-0.6148;0.1705;-0.373;-0.2786;-0.2837;0.1567;-0.1097;NA;NA
1210;-1.315;-1.2098;-0.078;-0.3925;-0.2775;-0.2811;0.1301;-0.0962;NA;NA
1211;1.123;0.9852;0.954;0.847;-0.2799;-0.282;0.0889;-0.0923;NA;NA
1212;-0.1305;-0.1538;0.424;0.3105;-0.2826;-0.2835;0.0446;-0.102;NA;NA
1213;0.1735;0.0577;0.967;0.6105;-0.308;-0.3072;-0.0475;-0.1557;NA;NA
1214;-0.0375;-0.0613;-0.1175;-0.274;-0.3638;-0.3602;-0.2017;-0.2555;NA;NA
1215;-0.825;-0.6373;-1.423;-0.7735;-0.4243;-0.4175;-0.361;-0.3628;NA;NA
1216;-0.804;-0.7323;-1.1145;-0.966;-0.4637;-0.4543;-0.4681;-0.4391;NA;NA
1217;-0.0185;-0.0913;-0.5665;-0.245;-0.4947;-0.4818;-0.5498;-0.5091;NA;NA
1218;-1.9355;-1.8178;-1.026;-1.347;-0.5366;-0.5188;-0.651;-0.6035;NA;NA
1219;-2.123;-2.0548;-1.2325;-1.826;-0.5736;-0.5516;-0.7412;-0.6929;NA;NA
1220;-0.408;-0.4878;-0.837;-0.8675;-0.5898;-0.5664;-0.79;-0.748;NA;NA
1221;0.3365;0.3507;-0.626;-0.1715;-0.5629;-0.5425;-0.7691;-0.7531;NA;NA
1222;0.3465;0.2222;-0.292;-0.1645;-0.5017;-0.4873;-0.6968;-0.7269;NA;NA
1223;0.806;0.8172;-0.3975;0.126;-0.4373;-0.4294;-0.6127;-0.6913;NA;NA
1224;-0.531;-0.5188;-0.748;-0.75;-0.4008;-0.3972;-0.5564;-0.6683;NA;NA
1225;-0.906;-0.7658;-0.34;-0.895;-0.3819;-0.3813;-0.5025;-0.6402;NA;NA
1226;-1.2265;-1.0578;-0.6785;-0.862;-0.357;-0.3599;-0.42;-0.5899;NA;NA
1227;-1.1915;-1.2708;-0.269;-1.0385;-0.3367;-0.3429;-0.3399;-0.54;NA;NA
1228;-0.3905;-0.4063;-0.549;-0.893;-0.3321;-0.3403;-0.2931;-0.5129;NA;NA
1229;0.4955;0.3607;-0.451;-0.3815;-0.3667;-0.3774;-0.2862;-0.5191;NA;NA
1230;0.749;0.6107;0.47;0.0475;-0.4351;-0.4496;-0.2967;-0.5429;NA;NA
1231;-0.531;-0.5163;0.162;-0.2135;-0.5045;-0.522;-0.3126;-0.5681;NA;NA
1232;0.19;0.2377;-0.003;0.1075;-0.5419;-0.5596;-0.3218;-0.5783;NA;NA
1233;-1.4605;-1.4703;-0.327;-0.659;-0.5385;-0.5526;-0.3415;-0.5717;NA;NA
1234;-0.397;-0.4218;-0.6585;-0.4385;-0.5178;-0.5259;-0.3829;-0.5599;NA;NA
1235;-2.4835;-2.3213;-1.519;-1.793;-0.4949;-0.4963;-0.4243;-0.5471;NA;NA
1236;0.0305;-0.0348;-0.335;-0.788;-0.4854;-0.4808;-0.4443;-0.5374;NA;NA
1237;-0.43;-0.5098;-0.2155;-0.742;-0.4998;-0.4876;-0.4596;-0.5469;NA;NA
1238;-0.244;-0.1703;-0.43;-0.1155;-0.5281;-0.5054;-0.4872;-0.5744;NA;NA
1239;-0.8165;-0.8893;-0.628;-0.3805;-0.5552;-0.5219;-0.5063;-0.5984;NA;NA
1240;-0.186;-0.2243;-0.279;-0.556;-0.566;-0.5249;-0.4962;-0.5974;NA;NA
1241;0.239;0.3322;0.099;-0.153;-0.5608;-0.5138;-0.4313;-0.5628;NA;NA
1242;-0.165;0.0242;-0.621;-0.369;-0.5483;-0.4952;-0.3244;-0.5084;NA;NA
1243;-0.8245;-0.6568;-0.6225;-0.6935;-0.5258;-0.4675;-0.2121;-0.446;NA;NA
1244;-0.3655;-0.2933;-0.6365;-0.5475;-0.4906;-0.4288;-0.131;-0.3874;NA;NA
1245;-0.3815;-0.3588;-0.583;-0.3925;-0.4359;-0.3719;-0.0571;-0.3125;NA;NA
1246;-0.7325;-0.7643;0.0365;-0.7065;-0.3669;-0.3012;0.0378;-0.2131;NA;NA
1247;-1.033;-1.0148;0.5445;-0.3105;-0.2988;-0.2323;0.1236;-0.1191;NA;NA
1248;-1.0625;-1.0433;0.6565;-0.3095;-0.2464;-0.1812;0.1702;-0.0601;NA;NA
1249;-0.192;-0.1498;0.6295;0.2615;-0.1797;-0.121;0.1799;-0.0225;NA;NA
1250;-0.9725;-0.8018;0.3485;-0.325;-0.0921;-0.0437;0.1777;0.016;NA;NA
1251;0.332;0.5547;0.015;0.369;-0.034;0.0063;0.1677;0.0392;NA;NA
1252;1.3965;1.3987;0.3885;0.9785;-0.0045;0.0304;0.1221;0.0349;NA;NA
1253;1.1855;1.0602;0.5815;0.6435;0.0266;0.0555;0.0347;0.0114;NA;NA
1254;0.58;0.5472;-0.0025;0.3545;0.0524;0.0753;-0.0573;-0.0175;NA;NA
1255;-0.107;-0.0828;-0.469;-0.086;0.0661;0.0834;-0.117;-0.0381;NA;NA
1256;-0.427;-0.2873;-0.583;-0.552;0.0461;0.0569;-0.1607;-0.0737;NA;NA
1257;0.122;0.0577;-0.55;-0.478;-0.0068;-0.004;-0.2183;-0.1384;NA;NA
1258;-1.3865;-1.3868;-1.2915;-1.5175;-0.0658;-0.0709;-0.274;-0.2049;NA;NA
1259;0.516;0.3982;0.0535;-0.026;-0.1041;-0.1154;-0.3116;-0.2456;NA;NA
1260;0.137;0.1722;0.06;0.1125;-0.1372;-0.1524;-0.3196;-0.2643;NA;NA
1261;-1.007;-0.9913;-0.4135;-0.231;-0.1873;-0.205;-0.3068;-0.2809;NA;NA
1262;-0.448;-0.3933;-0.447;-0.202;-0.2371;-0.2568;-0.2885;-0.292;NA;NA
1263;-1.428;-1.4803;-0.462;-0.972;-0.2697;-0.2914;-0.2797;-0.2944;NA;NA
1264;1.1835;1.1467;0.227;0.338;-0.2775;-0.3014;-0.2773;-0.2781;NA;NA
1265;-0.2985;-0.3798;0.456;-0.064;-0.2695;-0.2953;-0.2692;-0.2431;NA;NA
1266;0.3585;0.3402;0.254;0.2695;-0.2529;-0.2805;-0.2567;-0.2009;NA;NA
1267;-0.089;-0.1688;-0.305;-0.132;-0.2353;-0.2643;-0.241;-0.1627;NA;NA
1268;-0.028;0.0787;-0.723;-0.367;-0.2049;-0.2349;-0.2208;-0.116;NA;NA
1269;0.281;0.2032;-0.6085;-0.036;-0.1572;-0.188;-0.1972;-0.0529;NA;NA
1270;-0.6115;-0.6848;-0.5355;0.05;-0.1104;-0.1416;-0.1753;0.0071;NA;NA
1271;-0.974;-0.9658;-0.5445;-0.6935;-0.0826;-0.1137;-0.1601;0.0449;NA;NA
1272;-0.4345;-0.5198;0.1935;-0.337;-0.067;-0.096;-0.1426;0.0774;NA;NA
1273;-1.0885;-0.9618;-0.643;-0.2425;-0.0501;-0.075;-0.1174;0.1204;NA;NA
1274;0.454;0.3322;-0.129;0.3825;-0.0404;-0.0612;-0.0955;0.153;NA;NA
1275;0.7085;0.6512;0.3075;0.852;-0.0462;-0.065;-0.0876;0.1544;NA;NA
1276;0.3765;0.3057;0.34;0.233;-0.07;-0.0887;-0.0934;0.1092;NA;NA
1277;-0.115;-0.1388;0.607;0.1065;-0.1031;-0.1224;-0.1031;0.0336;NA;NA
1278;0.733;0.7527;0.042;0.727;-0.1378;-0.1578;-0.1137;-0.0462;NA;NA
1279;-0.087;0.0037;-0.176;0.4845;-0.1662;-0.1871;-0.122;-0.1038;NA;NA
1280;0.423;0.3912;0.2775;0.438;-0.2181;-0.2396;-0.1458;-0.1759;NA;NA
1281;-0.8625;-0.9333;-0.64;-0.42;-0.3035;-0.3255;-0.1911;-0.2869;NA;NA
1282;-1.3005;-1.2523;-1.186;-1.768;-0.3853;-0.4081;-0.2374;-0.3925;NA;NA
1283;-0.6975;-0.7263;-0.299;-1.173;-0.4262;-0.4504;-0.2639;-0.4482;NA;NA
1284;-0.1395;-0.2283;-0.3085;-0.344;-0.4253;-0.4529;-0.2756;-0.451;NA;NA
1285;-0.6845;-0.7763;-0.4215;-0.8825;-0.411;-0.4438;-0.2879;-0.4345;NA;NA
1286;-1.181;-1.2173;-0.725;-0.964;-0.39;-0.4282;-0.2961;-0.4092;NA;NA
1287;-0.379;-0.3908;0.0885;-0.268;-0.3694;-0.4109;-0.2955;-0.3856;NA;NA
1288;-0.0095;-0.0563;0.273;-0.165;-0.3115;-0.3556;-0.2665;-0.3193;NA;NA
1289;0.2125;0.2437;-0.066;0.243;-0.206;-0.2531;-0.2091;-0.1954;NA;NA
1290;-0.7615;-0.8328;-0.1365;-0.1065;-0.0998;-0.1493;-0.1476;-0.0696;NA;NA
1291;-0.2985;-0.3803;-0.119;-0.1105;-0.0402;-0.0902;-0.1066;0.0029;NA;NA
1292;1.052;1.0522;-0.1335;0.862;-0.0223;-0.0717;-0.0719;0.0316;NA;NA
1293;0.6565;0.6162;0.0265;0.662;-0.0115;-0.0602;-0.0266;0.057;NA;NA
1294;0.0645;-0.0173;-0.3065;0.126;-0.0102;-0.0571;0.0099;0.0698;NA;NA
1295;0.8285;0.6752;5e-04;0.5195;-0.0206;-0.0634;0.0181;0.0609;NA;NA
1296;-1.0205;-1.0683;-0.503;-1.417;-0.0668;-0.1024;-0.008;3e-04;NA;NA
1297;-0.641;-0.5353;-0.5465;-0.411;-0.1501;-0.1761;-0.0532;-0.1087;NA;NA
1298;-0.381;-0.3538;0.231;0.075;-0.2388;-0.2544;-0.1058;-0.225;NA;NA
1299;-0.375;-0.4008;1.0585;0.24;-0.3015;-0.3071;-0.1541;-0.3074;NA;NA
1300;-0.0425;-0.1968;0.886;-0.053;-0.3677;-0.3599;-0.2151;-0.3757;NA;NA
1301;-0.149;-0.1693;-0.4935;-0.649;-0.463;-0.437;-0.2986;-0.4616;NA;NA
1302;-0.792;-0.6863;-1.097;-1.06;-0.5503;-0.5064;-0.3826;-0.5422;NA;NA
1303;-0.813;-0.6828;-0.697;-0.6495;-0.5922;-0.536;-0.4448;-0.5948;NA;NA
1304;-1.262;-1.2638;-0.627;-0.937;-0.5875;-0.5229;-0.5107;-0.6216;NA;NA
1305;-0.1475;0.0057;-1.0215;-0.749;-0.562;-0.489;-0.6;-0.6389;NA;NA
1306;-0.1025;0.0297;-0.5955;-0.54;-0.5191;-0.4393;-0.6816;-0.6446;NA;NA
1307;-0.049;0.0147;-1.037;-0.101;-0.4621;-0.3786;-0.7245;-0.6362;NA;NA
1308;-0.2415;-0.1938;-0.345;-0.346;-0.368;-0.2864;-0.7157;-0.5985;NA;NA
1309;-0.4035;-0.3223;-0.3155;-0.4775;-0.2336;-0.1587;-0.6763;-0.5321;NA;NA
1310;-1.955;-1.7923;-1.316;-1.472;-0.0929;-0.0257;-0.6261;-0.4591;NA;NA
1311;0.187;0.3012;-0.8175;-0.256;0.0203;0.0826;-0.585;-0.4013;NA;NA
1312;-0.3905;-0.4113;-0.3615;-0.5365;0.1459;0.2003;-0.518;-0.3339;NA;NA
1313;0.842;0.8242;-0.409;-0.143;0.3011;0.3434;-0.4175;-0.2461;NA;NA
1314;1.0395;1.1427;-0.2295;-0.336;0.419;0.4535;-0.3448;-0.1811;NA;NA
1315;0.949;0.8952;-0.3445;-0.118;0.5104;0.5427;-0.3084;-0.1367;NA;NA
1316;1.305;1.2327;-0.1575;0.4385;0.6141;0.645;-0.2749;-0.0881;NA;NA
1317;1.7275;1.8202;0.29;0.7775;0.7048;0.7352;-0.2431;-0.0448;NA;NA
1318;-0.537;-0.4673;-0.089;-0.534;0.7573;0.7883;-0.2117;-0.016;NA;NA
1319;-0.294;-0.3178;-0.034;-0.242;0.7512;0.7888;-0.1798;-0.005;NA;NA
1320;0.681;0.6992;-0.1095;0.1345;0.7014;0.7519;-0.1492;-0.0061;NA;NA
1321;1.956;2.1507;-0.8025;0.187;0.6355;0.6986;-0.123;-0.0158;NA;NA
1322;0.5325;0.4992;-0.017;-0.2465;0.581;0.6501;-0.1045;-0.0306;NA;NA
1323;0.186;0.2252;-0.351;-0.376;0.5018;0.5728;-0.0963;-0.0729;NA;NA
1324;0.4065;0.5612;-0.444;-0.1015;0.376;0.4498;-0.0964;-0.1469;NA;NA
1325;0.0085;0.0412;-0.0695;-0.427;0.2525;0.327;-0.1009;-0.2212;NA;NA
1326;0.916;0.9997;0.088;0.343;0.18;0.25;-0.1059;-0.2641;NA;NA
1327;-0.597;-0.4358;-0.3825;-0.322;0.1633;0.2181;-0.1142;-0.2796;NA;NA
1328;1.6965;1.7322;0.7905;0.624;0.1656;0.1964;-0.1278;-0.2913;NA;NA
1329;-1.4525;-1.3398;0.3815;-0.6835;0.1734;0.1795;-0.1414;-0.2975;NA;NA
1330;-0.088;-0.0948;-0.0755;-1.1245;0.173;0.1625;-0.1496;-0.2967;NA;NA
1331;-1.04;-1.0223;-0.8705;-1.2875;0.1755;0.1531;-0.1669;-0.2942;NA;NA
1332;0.1315;0.0177;-0.063;0.069;0.1931;0.1565;-0.1992;-0.2914;NA;NA
1333;0.357;0.3817;-0.7495;-0.434;0.2132;0.1634;-0.2291;-0.281;NA;NA
1334;1.473;1.1987;0.214;0.4815;0.2235;0.1642;-0.2388;-0.2558;NA;NA
1335;1.1145;0.8777;-0.5345;0.436;0.2361;0.1694;-0.2229;-0.1895;NA;NA
1336;0.798;0.5397;-0.38;-0.215;0.2619;0.1879;-0.1945;-0.0851;NA;NA
1337;-0.1395;-0.0803;-0.3715;-0.316;0.2866;0.2076;-0.1638;0.0207;NA;NA
1338;-0.454;-0.3863;-0.1535;-0.269;0.2958;0.2163;-0.1414;0.0908;NA;NA
1339;0.9145;0.9047;-0.024;0.2185;0.2692;0.1963;-0.1162;0.1507;NA;NA
1340;-0.303;-0.1823;-0.0775;-0.0425;0.2139;0.1535;-0.0781;0.2291;NA;NA
1341;0.176;0.1357;0.292;-0.144;0.1572;0.1119;-0.0381;0.294;NA;NA
1342;-0.378;-0.3648;-0.347;0.262;0.1259;0.0954;-0.0072;0.3135;NA;NA
1343;-0.1035;-0.1893;0.1925;0.371;0.0958;0.0806;0.0021;0.2723;NA;NA
1344;0.1555;0.0302;0.455;1.0705;0.0458;0.0483;-0.0035;0.1941;NA;NA
1345;0.9475;0.7492;0.851;1.2805;0.0082;0.0293;-0.0066;0.1057;NA;NA
1346;0.088;0.1427;-0.1715;0.221;0.0152;0.0543;0.0102;0.0338;NA;NA
1347;0.6535;0.6637;0.3305;-0.096;0.0901;0.1499;0.0419;-0.0539;NA;NA
1348;-1.14;-0.8523;-1.353;-0.6265;0.2101;0.295;0.0737;-0.1812;NA;NA
1349;-0.2045;-0.1293;-0.8235;-0.493;0.339;0.4491;0.109;-0.3088;NA;NA
1350;0.272;0.4717;0.2055;-0.8;0.4406;0.5715;0.1511;-0.3973;NA;NA
1351;1.297;1.4477;1.037;-0.445;0.5475;0.7025;0.2209;-0.4675;NA;NA
1352;0.207;0.4272;0.785;-1.2765;0.6896;0.8757;0.3185;-0.551;NA;NA
1353;0.7035;0.8677;-0.195;-0.8415;0.8261;1.0407;0.4158;-0.6253;NA;NA
1354;-0.1415;0.0322;-0.2945;-1.0745;0.9162;1.1469;0.4848;-0.6675;NA;NA
1355;2.0075;2.1657;1.0295;-0.2345;1.0009;1.2304;0.5545;-0.6484;NA;NA
1356;2.0345;2.3637;1.057;-0.3305;1.1144;1.3319;0.6488;-0.5798;NA;NA
1357;1.449;1.7427;1.1825;-0.356;1.2057;1.4084;0.732;-0.5007;NA;NA
1358;2.167;2.4272;1.264;-0.0345;1.224;1.4169;0.7683;-0.4502;NA;NA
1359;0.1755;0.4437;0.2295;-0.49;1.1512;1.334;0.7301;-0.4122;NA;NA
1360;0.219;0.3912;0.409;-0.443;1.0222;1.1886;0.6412;-0.3574;NA;NA
1361;1.197;1.3357;0.8275;-0.1825;0.8661;1.0159;0.5423;-0.3046;NA;NA
1362;1.071;1.1812;0.7965;-0.399;0.7116;0.8509;0.4745;-0.2724;NA;NA
1363;0.169;0.2197;0.5455;-0.916;0.4974;0.6313;0.4107;-0.2676;NA;NA
1364;1.186;1.0922;0.5005;0.0855;0.1969;0.3254;0.3174;-0.2774;NA;NA
1365;0.692;0.7522;0.382;0.3735;-0.1088;0.0148;0.2263;-0.2919;NA;NA
1366;-0.252;-0.1593;-0.437;-0.168;-0.3387;-0.2189;0.169;-0.3008;NA;NA
1367;-1.0895;-1.0483;-0.326;-0.1345;-0.5317;-0.4112;0.15;-0.3061;NA;NA
1368;-1.8085;-1.5083;-0.432;-0.801;-0.7508;-0.6248;0.1466;-0.3151;NA;NA
1369;-1.522;-1.1748;-0.6025;-0.854;-0.9504;-0.8183;0.1494;-0.3258;NA;NA
1370;-0.854;-0.6923;0.208;-0.726;-1.0852;-0.9505;0.1492;-0.3364;NA;NA
1371;-0.7395;-0.7208;1.1095;0.414;-1.144;-1.0101;0.165;-0.3527;NA;NA
1372;-1.9435;-1.6808;0.6;-0.732;-1.1599;-1.0271;0.2065;-0.3765;NA;NA
1373;-0.7235;-0.6688;0.5095;0.125;-1.1541;-1.0223;0.2505;-0.4008;NA;NA
1374;-2.3215;-2.1303;-0.035;-0.6175;-1.1476;-1.0165;0.2736;-0.4182;NA;NA
1375;-0.893;-0.7943;0.508;-0.133;-1.0732;-0.9485;0.2881;-0.4258;NA;NA
1376;-0.9115;-0.7368;0.167;-0.824;-0.9283;-0.8152;0.3092;-0.4295;NA;NA
1377;-0.0495;-0.0723;1.0655;-0.321;-0.8311;-0.7239;0.3177;-0.4345;NA;NA
1378;-0.8765;-0.8188;-0.363;-0.4845;-0.7844;-0.6751;0.2858;-0.4404;NA;NA
1379;-0.244;-0.2648;0.103;-0.3325;-0.7234;-0.6095;0.22;-0.4448;NA;NA
1380;-0.1825;0.0097;0.1745;-0.4015;-0.6643;-0.5447;0.1528;-0.45;NA;NA
1381;-0.3865;-0.3168;0.6365;-0.342;-0.6233;-0.4985;0.1166;-0.4585;NA;NA
1382;-1.2345;-0.9848;-0.6235;-1.3275;-0.6162;-0.4822;0.1074;-0.4697;NA;NA
1383;0.094;0.2892;-0.036;-0.2775;-0.6328;-0.4841;0.1019;-0.4811;NA;NA
1384;-1.183;-0.9893;0.338;-0.5;-0.6509;-0.4878;0.1033;-0.4923;NA;NA
1385;-0.885;-0.8163;0.2125;0.1055;-0.6484;-0.4765;0.1149;-0.5029;NA;NA
1386;0.034;0.1467;0.58;-0.096;-0.6211;-0.4449;0.1594;-0.5126;NA;NA
1387;-1.3785;-1.1323;-0.337;-0.799;-0.5865;-0.4064;0.2354;-0.5219;NA;NA
1388;-1.052;-0.6918;-0.0845;-1.09;-0.5547;-0.372;0.3109;-0.5319;NA;NA
1389;-1.0425;-0.8178;-0.1785;-0.3655;-0.536;-0.353;0.3536;-0.5435;NA;NA
1390;-0.652;-0.5913;0.322;-0.495;-0.5105;-0.3322;0.3709;-0.5604;NA;NA
1391;0.045;0.1347;0.9765;-0.5895;-0.4673;-0.2984;0.3882;-0.5823;NA;NA
1392;-0.536;-0.2573;0.8575;-0.992;-0.4299;-0.2714;0.4008;-0.6037;NA;NA
1393;0.146;0.2237;1.0145;-0.1385;-0.4217;-0.2712;0.4037;-0.6191;NA;NA
1394;-0.0235;0.1262;0.1895;-0.839;-0.4509;-0.308;0.3977;-0.6249;NA;NA
1395;0.477;0.5367;0.6895;-0.133;-0.5005;-0.3671;0.3858;-0.6246;NA;NA
1396;-0.6665;-0.4653;0.68;-0.8715;-0.5555;-0.4317;0.3668;-0.6241;NA;NA
1397;-0.675;-0.5868;-0.0695;-0.9945;-0.6013;-0.4847;0.3395;-0.6291;NA;NA
1398;-1.419;-1.2328;-0.2935;-0.643;-0.6547;-0.5424;0.2954;-0.6314;NA;NA
1399;-0.7685;-0.7183;-0.329;-0.9925;-0.7306;-0.6214;0.2333;-0.6263;NA;NA
1400;-0.5615;-0.5538;0.1355;-0.0735;-0.8111;-0.7045;0.1629;-0.625;NA;NA
1401;-1.8775;-1.6263;-0.361;-0.95;-0.8784;-0.7748;0.0942;-0.6386;NA;NA
1402;-0.944;-0.9193;0.451;-0.247;-0.9376;-0.8367;0.0294;-0.6722;NA;NA
1403;-1.144;-1.0973;0.598;-0.3725;-1.001;-0.902;-0.0369;-0.7174;NA;NA
1404;-0.9665;-0.8723;0.6995;-0.952;-1.0618;-0.9645;-0.1061;-0.7654;NA;NA
1405;-1.299;-1.1153;-0.7365;-1.182;-1.1132;-1.0182;-0.1794;-0.807;NA;NA
1406;-0.8035;-0.6573;-0.1695;-0.563;-1.1618;-1.0673;-0.2759;-0.8645;NA;NA
1407;-0.05;0.0592;-0.0465;-0.9265;-1.2114;-1.1151;-0.3965;-0.9463;NA;NA
1408;-0.76;-0.7968;-0.703;-0.1175;-1.2511;-1.1537;-0.5156;-1.0233;NA;NA
1409;-1.5775;-1.4408;-1.257;-1.7175;-1.2697;-1.1752;-0.6075;-1.0662;NA;NA
1410;-1.315;-1.2733;-0.493;-1.2465;-1.2577;-1.1728;-0.6966;-1.0775;NA;NA
1411;-1.5385;-1.4988;-0.53;-1.2365;-1.225;-1.1544;-0.8046;-1.0797;NA;NA
1412;-1.521;-1.4543;-0.661;-1.3005;-1.1903;-1.1341;-0.9022;-1.0737;NA;NA
1413;-2.511;-2.3003;-1.3465;-1.369;-1.1722;-1.1261;-0.96;-1.0601;NA;NA
1414;-1.4825;-1.4083;-1.129;-1.249;-1.1567;-1.1197;-0.9649;-1.0095;NA;NA
1415;-1.2585;-1.1698;-1.3905;-0.88;-1.1284;-1.1027;-0.9371;-0.9188;NA;NA
1416;-0.528;-0.5608;-0.9385;-0.886;-1.1037;-1.0878;-0.8965;-0.8279;NA;NA
1417;-0.8165;-0.8173;-1.0905;-0.927;-1.0991;-1.0874;-0.8636;-0.7769;NA;NA
1418;-0.8925;-0.8923;-0.8235;-0.5195;-1.1137;-1.0993;-0.8225;-0.7533;NA;NA
1419;-0.164;-0.3148;-1.177;-0.2055;-1.1323;-1.1113;-0.7565;-0.7249;NA;NA
1420;-0.1035;-0.2268;0.21;-0.3655;-1.1497;-1.1214;-0.6842;-0.7026;NA;NA
1421;-0.458;-0.5113;0.1385;0.018;-1.161;-1.1272;-0.6242;-0.697;NA;NA
1422;-1.9155;-1.7523;-0.159;-1.4075;-1.197;-1.1545;-0.5679;-0.7371;NA;NA
1423;-2.432;-2.2603;-1.152;-0.8435;-1.2681;-1.2105;-0.5007;-0.8181;NA;NA
1424;-0.895;-0.9223;-0.815;0.028;-1.3382;-1.2655;-0.4318;-0.9011;NA;NA
1425;-2.3575;-2.1813;-0.388;-0.7985;-1.3712;-1.2899;-0.3705;-0.9468;NA;NA
1426;-2.387;-2.1558;-0.011;-1.7475;-1.3739;-1.2866;-0.3049;-0.9783;NA;NA
1427;-2.1855;-1.8823;-0.6915;-2.076;-1.3724;-1.277;-0.2293;-1.0278;NA;NA
1428;-0.317;-0.3733;-0.2475;-0.9365;-1.36;-1.2586;-0.162;-1.0697;NA;NA
1429;-0.432;-0.4493;-0.098;-0.999;-1.3298;-1.229;-0.1215;-1.0782;NA;NA
1430;-0.674;-0.6558;-0.448;-1.334;-1.2375;-1.1497;-0.1011;-1.04;NA;NA
1431;-0.5355;-0.5948;-0.068;-0.764;-1.0825;-1.0178;-0.0851;-0.971;NA;NA
1432;-2.4975;-2.1793;-0.1975;-1.323;-0.9237;-0.8839;-0.0775;-0.8903;NA;NA
1433;-0.524;-0.5183;0.3135;-0.679;-0.8201;-0.7989;-0.0827;-0.8165;NA;NA
1434;-1.566;-1.4638;0.8935;0.1205;-0.7581;-0.7544;-0.1119;-0.7151;NA;NA
1435;-0.1905;-0.2553;0.09;-0.586;-0.6949;-0.7138;-0.1632;-0.5694;NA;NA
1436;-0.231;-0.3158;0.3415;-0.505;-0.6455;-0.6855;-0.2213;-0.4246;NA;NA
1437;-0.2645;-0.3773;-0.3945;-0.665;-0.625;-0.6777;-0.2709;-0.3264;NA;NA
1438;-0.7405;-0.7883;-1.6775;-0.43;-0.6433;-0.7006;-0.3381;-0.2664;NA;NA
1439;-0.8545;-0.8363;-0.4185;-0.2525;-0.6855;-0.745;-0.4299;-0.2126;NA;NA
1440;-0.1675;-0.3993;-0.661;0.0645;-0.7301;-0.7895;-0.502;-0.174;NA;NA
1441;-1.054;-1.1133;-1.245;-0.356;-0.7952;-0.8487;-0.5561;-0.166;NA;NA
1442;-0.7395;-0.8653;-0.4285;0.3305;-0.8942;-0.9357;-0.6164;-0.1847;NA;NA
1443;-0.989;-1.0313;-0.458;0.392;-0.9989;-1.0269;-0.6727;-0.2107;NA;NA
1444;-1.215;-1.1688;-0.2615;-0.247;-1.081;-1.0989;-0.7146;-0.2245;NA;NA
1445;-0.929;-0.9808;-0.396;-0.264;-1.167;-1.1731;-0.7278;-0.2422;NA;NA
1446;-1.519;-1.3998;-0.6725;-0.466;-1.2804;-1.2692;-0.7173;-0.2801;NA;NA
1447;-1.781;-1.6473;-1.061;-0.8275;-1.3887;-1.3602;-0.7021;-0.3189;NA;NA
1448;-0.994;-1.0038;-0.6775;-0.3935;-1.4594;-1.4193;-0.701;-0.3393;NA;NA
1449;-1.8935;-1.7938;-1.1065;-0.721;-1.4945;-1.4495;-0.7274;-0.3513;NA;NA
1450;-1.9275;-1.8133;-0.805;-0.283;-1.5176;-1.4706;-0.7695;-0.3703;NA;NA
1451;-1.0635;-1.1218;-0.2505;0.1065;-1.5287;-1.4808;-0.8085;-0.3846;NA;NA
1452;-2.007;-1.9018;-0.5545;-0.797;-1.5283;-1.4784;-0.8256;-0.3828;NA;NA
1453;-1.3135;-1.3223;-0.9225;-0.3495;-1.4945;-1.447;-0.8205;-0.356;NA;NA
1454;-1.349;-1.2803;-0.842;-0.2675;-1.4252;-1.3863;-0.807;-0.3109;NA;NA
1455;-0.984;-1.0638;-0.839;0.0295;-1.3496;-1.3187;-0.7872;-0.2595;NA;NA
1456;-1.617;-1.5093;-1.204;-0.031;-1.297;-1.2669;-0.7634;-0.2138;NA;NA
1457;-1.5085;-1.4423;-1.0395;-0.352;-1.2361;-1.2025;-0.7153;-0.1625;NA;NA
1458;-1.4905;-1.3938;-0.9225;-0.5625;-1.1432;-1.1067;-0.6401;-0.0967;NA;NA
1459;-0.344;-0.4498;0.1245;0.5865;-1.0587;-1.0165;-0.5657;-0.0314;NA;NA
1460;-1.3295;-1.2768;-1.004;-0.2985;-1.0229;-0.9687;-0.5202;0.0183;NA;NA
1461;-1.2315;-1.0013;-0.826;-0.297;-1.0336;-0.9542;-0.4751;0.0701;NA;NA
1462;-0.757;-0.7523;-0.021;0.2025;-1.0602;-0.9447;-0.4063;0.1364;NA;NA
1463;-0.4165;-0.6368;0.2275;0.5725;-1.1012;-0.9487;-0.3493;0.1947;NA;NA
1464;-1.3745;-0.8463;-0.1755;-0.0555;-1.1549;-0.9744;-0.3392;0.2224;NA;NA
1465;-1.209;-0.9813;-0.6025;0.0425;-1.2611;-1.0513;-0.3905;0.2237;NA;NA
1466;-1.135;-1.0493;-0.5005;0.107;-1.4243;-1.1758;-0.4782;0.2159;NA;NA
1467;-1.2465;-1.2033;-0.503;0.198;-1.5901;-1.3061;-0.5789;0.1965;NA;NA
1468;-0.9485;-0.6093;0.2215;1.8395;-1.704;-1.4007;-0.6692;0.1629;NA;NA
1469;-2.5575;-1.9208;-1.0785;-0.095;-1.8175;-1.5079;-0.7974;0.0994;NA;NA
1470;-2.444;-2.1438;-0.8805;-0.7285;-1.9615;-1.6492;-0.9707;0.0115;NA;NA
1471;-2.4535;-1.9108;-0.9585;-0.1095;-2.0506;-1.7424;-1.104;-0.0719;NA;NA
1472;-1.936;-1.5638;-1.4035;0.0045;-2.0649;-1.7787;-1.204;-0.1756;NA;NA
1473;-2.469;-2.0828;-1.5985;-0.202;-2.0501;-1.8031;-1.3193;-0.3185;NA;NA
1474;-2.39;-2.2913;-2.0275;-0.7155;-2.0195;-1.8144;-1.4275;-0.4625;NA;NA
1475;-1.9155;-1.9403;-1.885;-0.2175;-1.9863;-1.8116;-1.5062;-0.5696;NA;NA
1476;-2.1165;-2.1818;-1.787;-1.1585;-1.9119;-1.7687;-1.5533;-0.6545;NA;NA
1477;-2.4495;-1.9633;-1.636;-1.4155;-1.7814;-1.6828;-1.5837;-0.7462;NA;NA
1478;-1.0555;-1.1423;-1.1035;-0.407;-1.643;-1.5875;-1.6005;-0.8278;NA;NA
1479;-0.9535;-0.8638;-1.3045;-0.0365;-1.545;-1.5164;-1.6068;-0.8822;NA;NA
1480;-0.55;-1.1463;-1.1595;-0.8805;-1.4659;-1.4491;-1.5668;-0.8953;NA;NA
1481;-1.436;-1.1318;-1.419;-1.468;-1.3685;-1.3592;-1.4751;-0.8782;NA;NA
1482;-1.557;-1.5798;-1.5915;-1.558;-1.278;-1.2704;-1.3802;-0.852;NA;NA
1483;-0.9285;-1.0483;-1.705;-0.9185;-1.2191;-1.2067;-1.3306;-0.8376;NA;NA
1484;-1.2685;-1.1668;-1.4495;-0.667;-1.2045;-1.1753;-1.32;-0.8183;NA;NA
1485;-2.273;-1.5558;-1.8695;-0.9515;-1.2181;-1.1603;-1.3132;-0.777;NA;NA
1486;-1.012;-1.2198;-1.276;-0.2605;-1.242;-1.1511;-1.315;-0.7342;NA;NA
1487;-0.7335;-0.8038;-0.9655;-0.154;-1.258;-1.1368;-1.3304;-0.7104;NA;NA
1488;-0.986;-1.2158;-1.0855;-0.483;-1.2827;-1.1282;-1.376;-0.7069;NA;NA
1489;-1.649;-1.0913;-0.9205;-0.975;-1.3302;-1.1337;-1.4481;-0.7084;NA;NA
1490;-1.7105;-1.4443;-0.8175;-1.103;-1.3793;-1.1393;-1.5207;-0.7099;NA;NA
1491;-0.9965;-0.7833;-1.095;-0.3975;-1.4088;-1.1309;-1.5681;-0.7063;NA;NA
1492;-1.5195;-1.1628;-1.8965;-0.572;-1.4236;-1.1082;-1.6046;-0.712;NA;NA
1493;-1.1695;-0.7413;-2.0445;0.0995;-1.4397;-1.0817;-1.6527;-0.7334;NA;NA
1494;-1.713;-1.6363;-2.194;-1.263;-1.4522;-1.0528;-1.699;-0.7534;NA;NA
1495;-1.478;-0.8633;-2.847;-1.463;-1.4563;-1.0232;-1.7297;-0.7548;NA;NA
1496;-1.96;-1.3368;-2.517;-1.35;-1.4463;-0.9811;-1.7552;-0.7334;NA;NA
1497;-1.111;-0.6548;-1.287;-0.3135;-1.4256;-0.9246;-1.7854;-0.7009;NA;NA
1498;-1.296;-0.8568;-1.2185;-0.731;-1.4025;-0.87;-1.8062;-0.664;NA;NA
1499;-1.4165;-1.0083;-1.2765;-0.327;-1.3856;-0.8335;-1.8038;-0.6294;NA;NA
1500;-1.949;-1.0373;-1.5905;-0.632;-1.3566;-0.7946;-1.759;-0.5752;NA;NA
1501;-1.432;-0.7668;-1.407;-0.955;-1.3131;-0.7454;-1.6851;-0.5013;NA;NA
1502;-0.9205;-0.4068;-1.687;0.0885;-1.2871;-0.7212;-1.6159;-0.4472;NA;NA
1503;-0.7035;-0.6503;-1.198;-0.1995;-1.2834;-0.7276;-1.5495;-0.4027;NA;NA
1504;-1.1575;-0.5258;-1.9965;-0.167;-1.2839;-0.7453;-1.4688;-0.3447;NA;NA
1505;-1.607;-0.7758;-1.9185;-1.069;-1.2871;-0.7718;-1.3846;-0.2929;NA;NA
1506;-1.302;-0.6468;-1.887;0.0925;-1.2912;-0.8049;-1.3076;-0.267;NA;NA
1507;-1.164;-0.7433;-0.95;-0.0075;-1.31;-0.8633;-1.2267;-0.2728;NA;NA
1508;-1.0665;-0.8903;-0.779;-0.408;-1.3466;-0.9509;-1.1327;-0.297;NA;NA
1509;-1.1465;-1.0093;-0.938;-0.123;-1.3831;-1.0428;-1.0395;-0.3308;NA;NA
1510;-1.721;-1.1888;-1.39;-0.404;-1.4017;-1.1145;-0.9608;-0.3654;NA;NA
1511;-1.838;-1.4928;-0.6865;-0.7475;-1.4134;-1.1869;-0.8747;-0.4135;NA;NA
1512;-1.8275;-1.5143;-0.573;-0.385;-1.4325;-1.2803;-0.7688;-0.4824;NA;NA
1513;-0.968;-1.0408;-0.3045;-0.7125;-1.4467;-1.3688;-0.671;-0.5554;NA;NA
1514;-1.991;-1.9958;-1.013;-0.4665;-1.4433;-1.4265;-0.6094;-0.6161;NA;NA
1515;-0.898;-1.0763;-0.1345;0.4555;-1.4221;-1.4543;-0.6131;-0.6787;NA;NA
1516;-1.2285;-1.2528;-0.636;-0.9955;-1.3916;-1.4709;-0.6641;-0.7572;NA;NA
1517;-1.696;-1.7808;-0.7065;-1.8995;-1.3525;-1.4771;-0.7196;-0.8338;NA;NA
1518;-1.2455;-1.5528;-0.8815;-1.2295;-1.3053;-1.4737;-0.7368;-0.8911;NA;NA
1519;-0.979;-1.3053;-0.147;-0.693;-1.2462;-1.4548;-0.7421;-0.9422;NA;NA
1520;-0.9705;-1.3108;-0.3365;-0.559;-1.1741;-1.4189;-0.7695;-1.0004;NA;NA
1521;-1.3385;-1.7248;-1.003;-0.888;-1.0938;-1.3735;-0.7875;-1.0487;NA;NA
1522;-1.254;-1.4658;-1.2555;-1.1215;-1.0103;-1.3261;-0.7643;-1.0701;NA;NA
1523;-0.7305;-0.9108;-1.0645;-1.244;-0.9056;-1.2619;-0.6845;-1.0607;NA;NA
1524;-1.0105;-1.1353;-1.593;-0.8835;-0.7756;-1.1745;-0.5709;-1.0328;NA;NA
1525;-0.862;-1.1788;-0.7295;-1.1485;-0.6456;-1.0841;-0.4501;-0.9939;NA;NA
1526;-0.3905;-0.7898;-0.2295;-0.89;-0.5412;-1.0106;-0.3483;-0.951;NA;NA
1527;-0.813;-1.2268;-0.786;-1.523;-0.4355;-0.9313;-0.2215;-0.8841;NA;NA
1528;-0.3545;-1.0883;0.5135;-1.091;-0.3071;-0.8299;-0.0445;-0.7864;NA;NA
1529;-0.4245;-1.0988;0.2425;-0.802;-0.1894;-0.7355;0.1276;-0.6856;NA;NA
1530;0.488;-0.3458;1.212;0.0825;-0.1156;-0.6775;0.2401;-0.6092;NA;NA
1531;0.282;-0.6268;1.4525;-0.151;-0.0865;-0.6547;0.3003;-0.5352;NA;NA
1532;0.2885;-0.0993;0.2065;-0.5785;-0.0771;-0.6448;0.3496;-0.4404;NA;NA
1533;0.014;-0.3668;-0.149;-0.301;-0.0819;-0.6456;0.3838;-0.3505;NA;NA
1534;-0.2125;-0.8458;-0.106;-0.938;-0.0952;-0.655;0.3986;-0.2911;NA;NA
1535;0.073;-0.6178;0.3;0.2055;-0.1543;-0.7007;0.3464;-0.2646;NA;NA
1536;-0.37;-0.5968;0.506;-0.1155;-0.2677;-0.7866;0.2243;-0.2527;NA;NA
1537;-0.223;-0.5508;0.956;0.1755;-0.3859;-0.8756;0.0956;-0.2507;NA;NA
1538;-0.479;-0.8848;-0.108;-0.148;-0.4598;-0.9305;0.0233;-0.2535;NA;NA
1539;-0.999;-1.3673;-0.347;-0.348;-0.5062;-0.9709;-0.0035;-0.2709;NA;NA
1540;-0.4895;-1.1938;-0.1225;-0.236;-0.5632;-1.0268;-0.0319;-0.3078;NA;NA
1541;-1.1915;-1.6228;-1.1405;-1.515;-0.6133;-1.0764;-0.0528;-0.3527;NA;NA
1542;-0.5615;-1.0588;-0.301;-0.138;-0.6391;-1.0979;-0.057;-0.394;NA;NA
1543;-0.634;-1.0653;-0.0505;0.0575;-0.6113;-1.0659;-0.0157;-0.4392;NA;NA
1544;-0.6195;-1.1418;0.4745;-0.5165;-0.5397;-0.9941;0.0666;-0.497;NA;NA
1545;-0.862;-1.3118;-0.1355;-0.698;-0.4657;-0.9189;0.1493;-0.5577;NA;NA
1546;-0.4425;-0.8223;0.5645;-0.5105;-0.4303;-0.8767;0.1917;-0.6117;NA;NA
1547;-0.8185;-1.2853;-0.408;-1.3565;-0.4175;-0.8476;0.2101;-0.6696;NA;NA
1548;0.1335;-0.3573;1.0045;0.067;-0.3944;-0.8017;0.2377;-0.7388;NA;NA
1549;0.183;-0.3153;0.4735;-0.3295;-0.3773;-0.7606;0.2595;-0.8053;NA;NA
1550;0.166;-0.1643;0.448;-0.964;-0.3827;-0.746;0.2601;-0.8549;NA;NA
1551;0.415;0.0932;1.0115;-1.039;-0.4375;-0.7731;0.2082;-0.911;NA;NA
1552;-0.9075;-1.1198;0.0445;-1.49;-0.5324;-0.8277;0.1111;-0.9864;NA;NA
1553;-1.0925;-1.3228;0.1395;-1.09;-0.629;-0.8877;0.0115;-1.0509;NA;NA
1554;-0.607;-0.8953;-0.424;-0.8895;-0.6888;-0.9309;-0.0473;-1.0746;NA;NA
1555;-0.5105;-0.8278;-0.253;-0.58;-0.7348;-0.9819;-0.0756;-1.0551;NA;NA
1556;-1.135;-1.4348;-0.3455;-0.913;-0.7992;-1.0609;-0.1074;-1.0148;NA;NA
1557;-1.0065;-1.2338;-0.7375;-1.2535;-0.8575;-1.1386;-0.136;-0.9602;NA;NA
1558;-1.7335;-1.9463;-0.728;-1.8575;-0.8853;-1.1857;-0.1546;-0.8978;NA;NA
1559;-1.1185;-1.2568;-0.0835;-1.387;-0.8735;-1.2049;-0.1503;-0.8024;NA;NA
1560;-1.088;-1.2958;-0.157;-0.4685;-0.8374;-1.2164;-0.125;-0.6664;NA;NA
1561;-0.5705;-0.7853;0.034;0.0015;-0.7894;-1.2173;-0.0943;-0.5232;NA;NA
1562;-0.0585;-0.4883;0.185;0.081;-0.7418;-1.2042;-0.0739;-0.4061;NA;NA
1563;-0.9905;-1.4003;-0.1495;-0.7335;-0.6581;-1.1525;-0.0398;-0.2748;NA;NA
1564;-0.058;-1.2183;0.9515;-0.1195;-0.5372;-1.0706;0.0152;-0.1133;NA;NA
1565;-0.1565;-0.9508;1.085;0.071;-0.4445;-1.0048;0.0511;0.0086;NA;NA
1566;0.151;-1.0003;-0.074;0.9345;-0.3724;-0.945;0.0634;0.1015;NA;NA
1567;-0.646;-1.0073;-0.635;0.2745;-0.2849;-0.8655;0.0718;0.2044;NA;NA
1568;-1.118;-1.1913;-0.6735;-0.2305;-0.2049;-0.7891;0.0725;0.2906;NA;NA
1569;-0.562;-0.8663;-0.6635;-0.0935;-0.1555;-0.7387;0.0619;0.3333;NA;NA
1570;0.162;-0.5523;0.248;0.717;-0.1393;-0.711;0.0262;0.3078;NA;NA
1571;-0.1045;-0.6083;0.351;-0.3935;-0.1399;-0.6884;-0.0328;0.2315;NA;NA
1572;0.2215;-0.4588;-0.239;0.685;-0.1517;-0.6719;-0.0955;0.141;NA;NA
1573;0.416;-0.3273;0.1775;0.7405;-0.1689;-0.6628;-0.1423;0.0729;NA;NA
1574;-0.0635;-0.1143;0.623;0.543;-0.2081;-0.6773;-0.1814;-0.0078;NA;NA
1575;-0.38;-0.7273;0.047;-0.2475;-0.2738;-0.7158;-0.2263;-0.1305;NA;NA
1576;-0.2575;-0.6773;-0.356;-0.1615;-0.3421;-0.7553;-0.2655;-0.251;NA;NA
1577;-0.716;-1.3448;-1.0325;-1.175;-0.3893;-0.7728;-0.2871;-0.3252;NA;NA
1578;-0.481;-0.7338;-0.081;-0.3835;-0.4387;-0.784;-0.2944;-0.3698;NA;NA
1579;-0.4225;-0.8778;-0.4705;-0.2725;-0.5115;-0.8085;-0.2985;-0.42;NA;NA
1580;-0.291;-0.8193;-0.539;-0.3915;-0.5806;-0.8296;-0.3001;-0.4593;NA;NA
1581;-0.6505;-1.0113;-0.3565;-1.9125;-0.6187;-0.8305;-0.2996;-0.4711;NA;NA
1582;-1.418;-1.4393;-0.894;-1.0225;-0.6138;-0.7953;-0.2773;-0.4333;NA;NA
1583;-0.808;-0.7113;-0.472;0.5635;-0.584;-0.7342;-0.2299;-0.3548;NA;NA
1584;-0.861;-0.7493;0.0025;0.498;-0.5477;-0.669;-0.1823;-0.2653;NA;NA
1585;-0.703;-0.6853;-0.008;-0.586;-0.5235;-0.6219;-0.1595;-0.1947;NA;NA
1586;-0.3455;-0.3993;0.2995;-0.3855;-0.4906;-0.5712;-0.1554;-0.118;NA;NA
1587;0.584;0.4582;0.53;0.9685;-0.4332;-0.4983;-0.1502;-0.011;NA;NA
1588;-0.2815;-0.5018;0.005;-0.2375;-0.377;-0.43;-0.1485;0.0957;NA;NA
1589;-0.7105;-0.6123;-0.1215;0.156;-0.3477;-0.3929;-0.1549;0.1711;NA;NA
1590;-0.8145;-0.7018;-0.2255;-0.204;-0.3436;-0.3958;-0.198;0.2068;NA;NA
1591;0.3535;-0.2663;-0.266;0.286;-0.3452;-0.42;-0.2777;0.2243;NA;NA
1592;0.1825;-0.0593;-0.2155;1.205;-0.3518;-0.4513;-0.3559;0.2381;NA;NA
1593;-0.628;-0.2863;-1.007;0.0585;-0.3626;-0.4752;-0.3943;0.2628;NA;NA
1594;-0.395;-0.7278;-0.7855;0.165;-0.392;-0.5112;-0.4035;0.3162;NA;NA
1595;-0.239;-0.3928;-0.0285;0.592;-0.4432;-0.5722;-0.4135;0.3877;NA;NA
1596;-0.6465;-0.6133;-0.3575;-0.01;-0.4988;-0.6338;-0.415;0.4496;NA;NA
1597;-1.499;-1.1693;-0.99;-0.483;-0.5415;-0.6714;-0.3987;0.4739;NA;NA
1598;-1.029;-1.0378;-0.785;0.223;-0.5838;-0.6818;-0.3365;0.4643;NA;NA
1599;-0.0115;-0.4373;-0.1465;0.3895;-0.6387;-0.6826;-0.2316;0.4426;NA;NA
1600;-0.4365;-0.9318;0.013;0.8975;-0.6898;-0.681;-0.1221;0.4082;NA;NA
1601;-0.391;-0.4483;-0.0345;0.8155;-0.7204;-0.6841;-0.046;0.3604;NA;NA
1602;-0.5625;-1.1318;0.211;0.408;-0.7354;-0.6784;0.0184;0.2767;NA;NA
1603;-0.6455;-0.4058;0.491;1.297;-0.7464;-0.657;0.1016;0.1569;NA;NA
1604;-1.058;-0.6648;0.514;0.9245;-0.748;-0.6367;0.1786;0.0339;NA;NA
1605;-0.5755;-0.2323;0.3175;0.176;-0.7344;-0.6345;0.2243;-0.0589;NA;NA
1606;-1.2145;-0.6973;-0.0515;-1.0165;-0.6981;-0.6572;0.2398;-0.1517;NA;NA
1607;-0.7065;-0.5983;0.016;-1.646;-0.6439;-0.6925;0.2422;-0.2745;NA;NA
1608;-0.305;-0.4053;0.587;-0.5515;-0.5851;-0.729;0.2313;-0.394;NA;NA
1609;-1.248;-0.8233;0.215;-0.9015;-0.5347;-0.7552;0.2068;-0.4774;NA;NA
1610;-0.801;-0.6253;0.0175;-0.78;-0.4643;-0.777;0.1514;-0.5242;NA;NA
1611;-0.3925;-1.1228;-0.466;-0.8485;-0.361;-0.8042;0.0639;-0.5573;NA;NA
1612;0.3295;-0.6163;0.097;0.276;-0.2607;-0.8317;-0.0315;-0.5781;NA;NA
1613;-0.1395;-1.1298;0.171;-0.888;-0.1997;-0.8545;-0.1107;-0.5883;NA;NA
1614;0.2975;-1.3053;0.233;0.251;-0.1699;-0.8711;-0.1879;-0.5567;NA;NA
1615;-0.1115;-1.2243;-0.175;-0.694;-0.1441;-0.8849;-0.2821;-0.4782;NA;NA
1616;-0.3075;-1.1313;-0.3265;0.022;-0.1287;-0.8988;-0.3761;-0.3935;NA;NA
1617;0.053;-0.7198;-0.8385;-0.2565;-0.1306;-0.9151;-0.4528;-0.3435;NA;NA
1618;0.3895;-0.3728;-0.54;-0.5555;-0.1737;-0.9326;-0.5348;-0.3416;NA;NA
1619;-0.878;-0.9243;-0.9375;-0.674;-0.2554;-0.9474;-0.6364;-0.3601;NA;NA
1620;-0.0245;-0.5853;-0.8755;-0.7315;-0.3429;-0.9591;-0.7275;-0.3779;NA;NA
1621;0.1095;-0.1068;-0.523;0.1885;-0.4035;-0.967;-0.7785;-0.3737;NA;NA
1622;-0.8535;-1.2713;-0.444;-0.2435;-0.4411;-0.9653;-0.7765;-0.3437;NA;NA
1623;-0.886;-1.3658;-0.637;-0.293;-0.4817;-0.9558;-0.7432;-0.3037;NA;NA
1624;-0.983;-1.3208;-1.1195;0.0785;-0.5253;-0.9495;-0.7007;-0.2618;NA;NA
1625;-0.8485;-1.5138;-0.7495;-0.3995;-0.5717;-0.9573;-0.6709;-0.2263;NA;NA
1626;-0.9535;-1.5458;-1.438;-1.203;-0.6316;-0.989;-0.6285;-0.1724;NA;NA
1627;-0.7375;-0.7068;-0.7525;-0.597;-0.7;-1.0334;-0.5617;-0.0993;NA;NA
1628;-0.4375;-1.1628;-0.643;-0.5695;-0.7527;-1.07;-0.5122;-0.0517;NA;NA
1629;-0.002;-0.5028;-0.307;0.896;-0.7956;-1.0987;-0.4853;-0.0305;NA;NA
1630;-0.0275;-0.3638;0.653;1.073;-0.8416;-1.1294;-0.4574;-0.0106;NA;NA
1631;-0.73;-0.9353;0.198;0.237;-0.878;-1.1562;-0.4267;0.0027;NA;NA
1632;-0.4215;-0.6018;0.255;0.0445;-0.8914;-1.1732;-0.3916;0.0043;NA;NA
1633;-1.5;-1.8378;-0.758;-0.604;-0.883;-1.1908;-0.3459;-0.0168;NA;NA
1634;-1.5775;-1.6693;-0.68;0.5585;-0.8649;-1.2157;-0.2923;-0.0573;NA;NA
1635;-2.137;-1.7563;-0.829;-0.498;-0.841;-1.2371;-0.2423;-0.1016;NA;NA
1636;-0.9865;-1.2058;-0.668;0.0235;-0.8152;-1.2442;-0.2074;-0.1342;NA;NA
1637;-0.6805;-1.4238;-0.631;-0.353;-0.7695;-1.2327;-0.1993;-0.1709;NA;NA
1638;-0.6195;-1.1353;-0.401;-0.3115;-0.6982;-1.2102;-0.2103;-0.2266;NA;NA
1639;-0.407;-1.2368;-0.387;-0.3125;-0.6236;-1.1835;-0.223;-0.2841;NA;NA
1640;-0.112;-1.3763;0.5645;-1.153;-0.568;-1.1596;-0.2201;-0.3262;NA;NA
1641;0.3055;-0.5133;1.014;0.0285;-0.4991;-1.1093;-0.1887;-0.3366;NA;NA
1642;-0.538;-1.2863;0.161;-0.7455;-0.3966;-1.024;-0.1391;-0.3248;NA;NA
1643;-0.364;-0.7903;-0.205;-0.227;-0.3012;-0.9411;-0.0881;-0.312;NA;NA
1644;-0.079;-0.6878;-0.5565;0.4125;-0.2535;-0.8981;-0.0525;-0.3195;NA;NA
1645;-0.648;-1.2118;-0.3185;-0.476;-0.2767;-0.9049;-0.0366;-0.3389;NA;NA
1646;-0.4995;-0.9308;-0.6375;0.0945;-0.3447;-0.9352;-0.0305;-0.3538;NA;NA
1647;-0.141;-0.4153;-0.083;-0.286;-0.4236;-0.9721;-0.0298;-0.3739;NA;NA
1648;-0.548;-0.5648;0.0835;-0.628;-0.4796;-0.9988;-0.0298;-0.4085;NA;NA
1649;-0.478;-1.4528;-0.694;-0.6825;-0.5296;-1.0304;-0.0323;-0.4845;NA;NA
1650;-0.3355;-1.1153;0.83;-1.666;-0.5995;-1.081;-0.0396;-0.5975;NA;NA
1651;-0.3845;-0.7058;0.5105;0.567;-0.6689;-1.1323;-0.048;-0.7098;NA;NA
1652;-0.876;-1.4798;-0.0665;0.2135;-0.7173;-1.1658;-0.0538;-0.7838;NA;NA
1653;-0.99;-1.5103;0.0925;-1.0445;-0.7488;-1.1863;-0.0628;-0.837;NA;NA
1654;-1.8805;-1.7908;-0.727;-1.499;-0.7789;-1.2081;-0.0777;-0.8989;NA;NA
1655;-0.4415;-0.9428;0.314;-1.17;-0.8049;-1.2278;-0.0907;-0.9498;NA;NA
1656;-0.9575;-1.9278;0.01;-1.2945;-0.8241;-1.2416;-0.0937;-0.97;NA;NA
1657;-0.385;-1.0488;-0.1135;-0.883;-0.8377;-1.2573;-0.0951;-0.9519;NA;NA
1658;-0.945;-0.8703;-0.3175;-1.6915;-0.8469;-1.2765;-0.1027;-0.9098;NA;NA
1659;-0.3345;-0.4753;0.0265;-0.5385;-0.849;-1.2863;-0.1081;-0.8568;NA;NA
1660;-0.861;-1.2048;-0.7775;-1.093;-0.8412;-1.2739;-0.1029;-0.8059;NA;NA
1661;-0.717;-0.9983;-0.2405;-0.993;-0.8132;-1.2356;-0.079;-0.7358;NA;NA
1662;-0.7155;-1.2048;0.1195;0.1805;-0.7665;-1.1815;-0.0406;-0.6334;NA;NA
1663;-1.0535;-1.4453;-0.068;-0.194;-0.716;-1.1194;0.0019;-0.5242;NA;NA
1664;-1.004;-1.6033;0.1345;-0.3065;-0.6765;-1.0569;0.0381;-0.4337;NA;NA
1665;-0.8145;-1.3918;0.178;-0.3295;-0.6341;-0.9721;0.0876;-0.3423;NA;NA
1666;-0.6665;-1.2548;0.551;0.1185;-0.5776;-0.8585;0.1594;-0.2306;NA;NA
1667;-0.356;-0.8768;0.419;-0.207;-0.5255;-0.7474;0.2273;-0.1249;NA;NA
1668;-0.8275;-0.8683;0.266;-1.2515;-0.4963;-0.6698;0.2654;-0.0517;NA;NA
1669;-0.2455;-0.3343;0.3615;-0.174;-0.4805;-0.5967;0.2739;-0.0149;NA;NA
1670;-0.436;-0.3213;-0.5575;0.334;-0.4625;-0.5004;0.2718;0.0043;NA;NA
1671;0.0045;0.3487;0.0195;0.353;-0.4516;-0.4145;0.2614;0.014;NA;NA
1672;-0.073;0.1312;0.5035;0.3305;-0.4569;-0.3723;0.2448;0.0218;NA;NA
1673;-0.288;-0.1948;0.604;-0.1075;-0.5031;-0.4003;0.2068;0.021;NA;NA
1674;-0.546;-0.3263;0.3185;0.036;-0.5857;-0.4765;0.1443;0.0063;NA;NA
1675;-0.8765;-0.6813;0.682;0.701;-0.6703;-0.5619;0.0781;-0.0121;NA;NA
1676;-0.751;-0.6678;0.317;-0.2415;-0.7228;-0.6175;0.029;-0.0239;NA;NA
1677;-0.4325;-0.2168;-0.165;0.3415;-0.7594;-0.6826;-0.0206;-0.0426;NA;NA
1678;-1.277;-1.4308;-1.239;-0.6995;-0.8082;-0.7909;-0.0876;-0.0783;NA;NA
1679;-0.89;-0.7448;-0.1635;-0.173;-0.8517;-0.8951;-0.1496;-0.116;NA;NA
1680;-1.582;-1.7093;-0.3125;-1.259;-0.873;-0.9475;-0.1843;-0.1406;NA;NA
1681;-1.0245;-1.0098;0.35;-0.1505;-0.8558;-0.9334;-0.1979;-0.1571;NA;NA
1682;-0.99;-1.5403;-0.1835;0.715;-0.8111;-0.8862;-0.2078;-0.176;NA;NA
1683;-0.8205;-0.9988;0.031;-0.41;-0.7616;-0.8309;-0.2087;-0.191;NA;NA
1684;-0.6955;-0.9408;-0.531;0.1325;-0.7299;-0.7923;-0.1956;-0.1953;NA;NA
1685;-0.114;-0.5223;-0.9315;-0.219;-0.7006;-0.7444;-0.1438;-0.1864;NA;NA
1686;-0.5035;-0.4248;-0.2685;-0.02;-0.6542;-0.6643;-0.0541;-0.1684;NA;NA
1687;-0.351;-0.1313;0.4685;0.0745;-0.6078;-0.5824;0.0405;-0.1451;NA;NA
1688;-0.319;-0.1153;0.4895;-0.637;-0.5786;-0.5289;0.1068;-0.1203;NA;NA
1689;-0.502;0.0822;0.1685;-0.1115;-0.5734;-0.4967;0.1701;-0.099;NA;NA
1690;-0.296;-0.0543;0.3045;-0.2585;-0.5786;-0.4649;0.2488;-0.0779;NA;NA
1691;-0.799;-0.6828;0.1325;0.208;-0.5806;-0.4435;0.3006;-0.0486;NA;NA
1692;-1.2005;-1.2123;0.364;0.043;-0.5881;-0.4478;0.3249;0.0145;NA;NA
1693;-1.1825;-1.0498;0.2595;0.1785;-0.6107;-0.4758;0.3459;0.1081;NA;NA
1694;-0.3735;-0.6178;0.762;-0.2215;-0.6357;-0.5109;0.3569;0.1981;NA;NA
1695;-0.5255;-0.2393;0.5045;0.086;-0.6504;-0.5371;0.3514;0.2503;NA;NA
1696;-0.728;-0.8998;0.008;0.0695;-0.6487;-0.5529;0.3098;0.2797;NA;NA
1697;-0.3495;-0.2068;0.734;0.1985;-0.6382;-0.5692;0.2344;0.3139;NA;NA
1698;-0.6945;-0.3493;0.11;0.1215;-0.6276;-0.5882;0.1526;0.3369;NA;NA
1699;-0.7395;-0.6578;-0.139;0.9625;-0.6255;-0.6119;0.0915;0.3328;NA;NA
1700;-0.724;-0.8713;0.0345;0.933;-0.6403;-0.6479;0.0348;0.2845;NA;NA
1701;-0.4735;-0.5888;-0.034;0.684;-0.6659;-0.6945;-0.0391;0.2026;NA;NA
1702;-0.2295;-0.2888;0.1185;0.9985;-0.6891;-0.7396;-0.1113;0.1125;NA;NA
1703;-0.4465;-0.4408;-0.5125;-0.1905;-0.6968;-0.7712;-0.163;0.0396;NA;NA
1704;-0.819;-0.9523;-0.715;-0.84;-0.6985;-0.8047;-0.1985;-0.0494;NA;NA
1705;-0.934;-1.0438;-0.3465;-0.3285;-0.7056;-0.8514;-0.2317;-0.1778;NA;NA
1706;-0.535;-0.9023;0.1985;-0.6305;-0.7077;-0.893;-0.2579;-0.3042;NA;NA
1707;-1.1525;-1.0163;-0.056;-1.219;-0.6945;-0.9114;-0.2721;-0.3875;NA;NA
1708;-0.999;-1.0408;-0.452;-0.1325;-0.6481;-0.8939;-0.2644;-0.4273;NA;NA
1709;-0.859;-1.1533;-0.116;-0.298;-0.5752;-0.8531;-0.2373;-0.4537;NA;NA
1710;-0.611;-1.6258;-0.426;-0.508;-0.5017;-0.8087;-0.2046;-0.4714;NA;NA
1711;-0.493;-0.8678;0.1035;-0.3175;-0.4538;-0.7803;-0.1801;-0.4854;NA;NA
1712;-0.434;-0.2898;-0.398;-0.6205;-0.4087;-0.7431;-0.1618;-0.4733;NA;NA
1713;-0.2115;-0.7963;-0.377;-1.1255;-0.3437;-0.6793;-0.139;-0.4278;NA;NA
1714;0.281;-0.0023;-0.18;0.1645;-0.2852;-0.6192;-0.1131;-0.3768;NA;NA
1715;0.0425;-0.1498;0.487;0.1215;-0.2597;-0.5932;-0.0856;-0.3478;NA;NA
1716;0.058;-0.3343;0.126;-0.507;-0.2793;-0.6089;-0.0532;-0.3422;NA;NA
1717;-0.34;-0.5528;-0.5025;0.171;-0.3257;-0.6445;-0.015;-0.3405;NA;NA
1718;-0.3995;-1.0318;0.0315;0.301;-0.3803;-0.6863;0.0243;-0.3388;NA;NA
1719;-0.381;-0.8123;0.3755;-0.8885;-0.4241;-0.7204;0.0603;-0.3335;NA;NA
1720;-0.564;-0.8683;0.122;-0.776;-0.4893;-0.7767;0.1016;-0.3247;NA;NA
1721;-0.423;-0.1908;0.205;-0.1115;-0.5939;-0.8698;0.1522;-0.316;NA;NA
1722;-1.2945;-1.3323;-0.828;-0.696;-0.6976;-0.9621;0.1997;-0.3097;NA;NA
1723;-0.9355;-0.9823;-0.204;-0.8815;-0.7604;-1.0164;0.2318;-0.3079;NA;NA
1724;-0.4985;-1.2593;1.5635;-0.235;-0.7852;-1.034;0.2524;-0.3168;NA;NA
1725;-0.944;-1.4983;0.588;-0.421;-0.801;-1.0416;0.2714;-0.3341;NA;NA
1726;-1.417;-1.5823;0.2535;0.2765;-0.807;-1.0402;0.2856;-0.3495;NA;NA
1727;-0.652;-0.8858;-0.18;0.3855;-0.8021;-1.0306;0.2919;-0.3525;NA;NA
1728;-0.533;-0.7543;0.052;-0.639;-0.7643;-0.9916;0.2818;-0.3423;NA;NA
1729;-0.9155;-1.1693;0.3265;-0.2635;-0.6922;-0.9207;0.2567;-0.3264;NA;NA
1730;-0.1065;0.0577;1.0725;0.1215;-0.6156;-0.8467;0.2285;-0.307;NA;NA
1731;-0.6005;-0.6668;0.5925;-0.416;-0.5648;-0.7983;0.2093;-0.2866;NA;NA
1732;-1.2015;-1.6413;-0.57;-1.2215;-0.5318;-0.7667;0.1857;-0.2708;NA;NA
1733;-0.3365;-0.7733;-0.257;-0.6105;-0.4934;-0.7293;0.1471;-0.2594;NA;NA
1734;-0.203;-0.5153;-0.052;-0.5125;-0.4572;-0.6943;0.1101;-0.246;NA;NA
1735;0.228;-0.0538;0.569;0.4895;-0.4306;-0.67;0.091;-0.2238;NA;NA
1736;-0.2685;-0.1588;0.2245;-0.2875;-0.4254;-0.6695;0.1;-0.1786;NA;NA
1737;-0.853;-0.9238;-0.3985;0.202;-0.4373;-0.6884;0.126;-0.113;NA;NA
1738;-0.0635;-0.8678;0.232;0.049;-0.4496;-0.7091;0.1538;-0.0459;NA;NA
1739;-0.758;-0.8663;-0.112;-0.5615;-0.4457;-0.7136;0.1681;0.0042;NA;NA
1740;-0.3435;-0.7238;0.3935;0.408;-0.4292;-0.7006;0.1831;0.0373;NA;NA
1741;-0.946;-1.2928;-0.0495;0.198;-0.4135;-0.6833;0.2117;0.0673;NA;NA
1742;-0.4445;-0.6413;0.511;-0.0605;-0.3962;-0.6665;0.2366;0.0956;NA;NA
1743;-0.283;-0.5598;0.1935;0.065;-0.375;-0.6548;0.2405;0.1238;NA;NA
1744;-0.346;-0.5083;0.7045;0.4975;-0.3315;-0.6381;0.2102;0.1438;NA;NA
1745;-0.823;-1.1633;0.246;0.675;-0.2655;-0.6114;0.1577;0.1533;NA;NA
1746;-0.118;-0.3778;0.1915;-0.3535;-0.2018;-0.5871;0.1034;0.1626;NA;NA
1747;0.029;-0.3978;0.237;-0.114;-0.1652;-0.5777;0.0675;0.1822;NA;NA
1748;0.042;-0.0728;-0.004;0.5015;-0.1447;-0.5866;0.0388;0.2162;NA;NA
1749;0.4205;-0.2023;0.163;0.0475;-0.1206;-0.6043;1e-04;0.2571;NA;NA
1750;-0.4475;-0.7978;-0.327;0.223;-0.1045;-0.6247;-0.0365;0.2972;NA;NA
1751;0.043;-0.7613;-0.101;-0.4275;-0.1082;-0.6413;-0.059;0.3291;NA;NA
1752;-0.26;-0.9338;-1.0295;0.0115;-0.1458;-0.6708;-0.0536;0.361;NA;NA
1753;0.48;-0.0838;-0.442;0.964;-0.2053;-0.7153;-0.0337;0.3977;NA;NA
1754;-0.554;-1.2258;0.226;1.2655;-0.2591;-0.7466;-0.0278;0.4263;NA;NA
1755;-0.002;-0.8428;0.1795;0.773;-0.3215;-0.7571;-0.0315;0.4544;NA;NA
1756;-1.006;-1.3158;0.027;0.5845;-0.4101;-0.7619;-0.0264;0.49;NA;NA
1757;-0.512;-0.5328;0.3355;0.163;-0.5019;-0.7676;-0.0209;0.5205;NA;NA
1758;-0.6465;-0.9208;0.2385;0.4665;-0.5741;-0.7805;-0.0234;0.5334;NA;NA
1759;-0.762;-1.0993;0.3605;-0.1195;-0.6329;-0.7895;-0.035;0.5245;NA;NA
1760;-1.119;-0.9528;0.186;0.5105;-0.6953;-0.7877;-0.0494;0.502;NA;NA
1761;-0.4185;-0.1768;0.4395;0.818;-0.7536;-0.788;-0.0643;0.4717;NA;NA
1762;-0.558;-0.4723;-0.5265;0.4775;-0.8004;-0.803;-0.0771;0.4396;NA;NA
1763;-0.8085;-0.6413;-0.75;0.54;-0.8326;-0.8429;-0.0926;0.3991;NA;NA
1764;-0.492;-0.4883;-0.3755;-0.0995;-0.8552;-0.899;-0.1156;0.3455;NA;NA
1765;-1.022;-0.9608;-0.572;0.8885;-0.8728;-0.9558;-0.1436;0.2878;NA;NA
1766;-1.47;-1.3463;-0.458;0.3105;-0.8901;-0.9983;-0.1742;0.2347;NA;NA
1767;-0.928;-1.3058;-0.425;-0.1835;-0.9119;-1.0467;-0.2105;0.1671;NA;NA
1768;-0.8285;-0.8528;-0.174;0.102;-0.9355;-1.1154;-0.2518;0.0772;NA;NA
1769;-0.692;-0.9753;0.1995;0.0895;-0.9541;-1.1797;-0.2901;-0.0089;NA;NA
1770;-0.8615;-1.9823;0.8085;0.411;-0.9608;-1.2149;-0.3172;-0.0649;NA;NA
1771;-0.8495;-1.6458;0.556;-0.4365;-0.9637;-1.224;-0.341;-0.1044;NA;NA
1772;-0.71;-0.8758;-0.276;0.362;-0.9683;-1.225;-0.3681;-0.1483;NA;NA
1773;-1.3225;-1.0943;-0.8745;-0.105;-0.9636;-1.2153;-0.3894;-0.1818;NA;NA
1774;-1.2885;-1.4408;-1.436;-1.4535;-0.939;-1.1925;-0.3954;-0.1899;NA;NA
1775;-0.897;-0.8678;-0.782;-0.4375;-0.8753;-1.1345;-0.3832;-0.1539;NA;NA
1776;-0.923;-1.1088;-0.809;-0.44;-0.7797;-1.0405;-0.3619;-0.0834;NA;NA
1777;-0.324;-0.6958;-0.5175;0.25;-0.6803;-0.9404;-0.3399;-0.0057;NA;NA
1778;-0.8275;-1.1258;-0.1985;0.3545;-0.6051;-0.864;-0.3256;0.0518;NA;NA
1779;-0.646;-0.5608;0.15;0.3925;-0.522;-0.7847;-0.2886;0.1123;NA;NA
1780;-0.5705;-0.7853;-0.1535;0.6655;-0.4072;-0.6792;-0.2179;0.1991;NA;NA
1781;-0.7145;-0.8158;-0.49;-0.19;-0.3019;-0.5825;-0.1509;0.2847;NA;NA
1782;-0.638;-1.0933;-0.499;-0.1715;-0.2473;-0.5294;-0.1248;0.3418;NA;NA
1783;0.3785;-0.3138;0.331;0.6285;-0.2522;-0.5289;-0.1464;0.3756;NA;NA
1784;0.332;-0.2843;0.699;1.3425;-0.2857;-0.5551;-0.1884;0.4062;NA;NA
1785;0.364;-0.2003;0.812;0.7345;-0.3295;-0.5901;-0.237;0.4284;NA;NA
1786;0.3435;0.0067;-0.197;0.2345;-0.3652;-0.6164;-0.2787;0.4369;NA;NA
1787;-0.177;-0.2288;-0.7085;0.5;-0.4264;-0.6681;-0.3479;0.4161;NA;NA
1788;-0.6245;-0.5918;-0.635;-0.1215;-0.5309;-0.7614;-0.4595;0.3677;NA;NA
1789;-1.453;-0.9408;-1.309;0.039;-0.6365;-0.8519;-0.5706;0.3129;NA;NA
1790;-1.118;-1.0033;-1.0305;-0.014;-0.7013;-0.895;-0.6382;0.2726;NA;NA
1791;-1.1125;-1.5483;-0.708;-0.5055;-0.7508;-0.9117;-0.6833;0.2285;NA;NA
1792;-1.433;-1.7848;-0.9025;1.145;-0.8194;-0.9383;-0.7388;0.1638;NA;NA
1793;-0.8485;-1.0238;-0.94;0.975;-0.878;-0.9529;-0.7803;0.1019;NA;NA
1794;-0.9825;-0.9623;-0.7665;0.0115;-0.8975;-0.9341;-0.7834;0.0665;NA;NA
1795;-0.481;-0.8918;-0.385;0.558;-0.846;-0.8494;-0.714;0.0483;NA;NA
1796;-0.708;-0.9178;-0.4105;-0.8305;-0.7396;-0.7103;-0.5855;0.0301;NA;NA
1797;-0.2585;-0.2893;-0.023;-0.496;-0.6214;-0.5611;-0.4447;0.0237;NA;NA
1798;-0.659;-0.7408;-0.5725;0.079;-0.5343;-0.446;-0.3384;0.0413;NA;NA
1799;-0.416;-0.0433;-0.901;0.0385;-0.4481;-0.324;-0.2338;0.0957;NA;NA
1800;-0.2225;0.1207;-0.459;0.0225;-0.33;-0.1587;-0.0953;0.1773;NA;NA
1801;-0.5855;0.1792;0.1245;0.329;-0.2187;-0.0011;0.0346;0.264;NA;NA
1802;-0.4245;0.1697;-0.114;0.4095;-0.153;0.0977;0.1135;0.3333;NA;NA
1803;-0.1185;0.1857;0.5295;0.5785;-0.1413;0.1306;0.1369;0.4181;NA;NA
1804;0.023;0.1267;0.649;-0.523;-0.1551;0.1337;0.1371;0.5395;NA;NA
1805;0.412;0.3277;0.4995;0.2425;-0.1783;0.1215;0.1271;0.6583;NA;NA
1806;0.353;0.3187;0.622;1.247;-0.195;0.1081;0.1195;0.735;NA;NA
1807;-0.0745;-0.0258;0.3585;2.152;-0.2237;0.0686;0.0922;0.7737;NA;NA
1808;-0.1665;0.1942;0.529;1.6665;-0.278;-0.0101;0.0332;0.8032;NA;NA
1809;-0.466;0.0322;-0.494;0.6695;-0.3341;-0.0957;-0.03;0.8214;NA;NA
1810;-1.0285;-0.5908;-0.8255;0.506;-0.3683;-0.1559;-0.0697;0.8261;NA;NA
1811;-0.795;-0.4048;-0.7825;0.147;-0.3921;-0.2042;-0.101;0.8068;NA;NA
1812;-0.452;-0.3563;-0.15;0.409;-0.4255;-0.266;-0.147;0.7631;NA;NA
1813;-0.6865;-0.5443;-0.579;0.663;-0.4574;-0.3267;-0.1921;0.7081;NA;NA
1814;-0.375;-0.3513;-0.2085;1.305;-0.4765;-0.3717;-0.2208;0.6549;NA;NA
1815;-0.538;-0.5628;-0.3915;0.3715;-0.4782;-0.4087;-0.2081;0.5786;NA;NA
1816;-0.4425;-0.3348;0.244;0.285;-0.4696;-0.4457;-0.1694;0.4749;NA;NA
1817;-0.3885;-0.3683;0.3535;0.2405;-0.4571;-0.4678;-0.1497;0.3881;NA;NA
1818;-0.2665;-0.1013;-0.35;0.4545;-0.4219;-0.4598;-0.1358;0.3111;NA;NA
1819;0.3055;-0.0928;0.5815;-0.1435;-0.3591;-0.4285;-0.1012;0.2211;NA;NA
1820;-0.0425;-0.3078;0.156;0.856;-0.2953;-0.3925;-0.0706;0.1385;NA;NA
1821;-0.437;-0.7803;-0.661;0.402;-0.2572;-0.3703;-0.0689;0.0837;NA;NA
1822;-0.7275;-0.6778;-0.407;0.5585;-0.2459;-0.3531;-0.1162;0.0565;NA;NA
1823;-0.895;-0.9018;0.107;-0.258;-0.2428;-0.3271;-0.1971;0.0397;NA;NA
1824;-0.5555;-0.5678;-0.3995;-0.6295;-0.2454;-0.3042;-0.2831;0.0282;NA;NA
1825;0.063;0.1367;0.101;-0.208;-0.2512;-0.296;-0.3457;0.0168;NA;NA
1826;-0.0075;-0.1908;-0.6465;-0.977;-0.2714;-0.3067;-0.403;0.0167;NA;NA
1827;0.1905;0.2322;-0.3345;-0.194;-0.3076;-0.3269;-0.4775;0.033;NA;NA
1828;0.057;-0.2973;-1.109;0.129;-0.3432;-0.3474;-0.5472;0.0517;NA;NA
1829;-0.097;0.2047;0.1405;0.447;-0.3613;-0.3591;-0.5901;0.0588;NA;NA
1830;-0.2495;-0.0698;-0.6035;0.915;-0.3664;-0.3701;-0.6143;0.0743;NA;NA
1831;-0.638;-0.6403;-0.918;0.3765;-0.3722;-0.3886;-0.6365;0.1118;NA;NA
1832;-0.839;-0.8943;-1.203;0.7625;-0.375;-0.4058;-0.6473;0.1478;NA;NA
1833;-0.908;-0.6823;-0.82;0.2425;-0.3712;-0.4128;-0.6375;0.1588;NA;NA
1834;-0.978;-0.8388;-0.5395;-0.4525;-0.3528;-0.4046;-0.5847;0.134;NA;NA
1835;-0.3035;-0.6083;-0.3655;-0.2695;-0.3222;-0.3882;-0.494;0.0881;NA;NA
1836;0.0995;-0.3933;0.462;-0.025;-0.2917;-0.3727;-0.3968;0.0354;NA;NA
1837;0.2565;-0.1988;-0.6935;-0.1345;-0.2737;-0.3669;-0.325;-0.0098;NA;NA
1838;-0.373;-0.3048;-1.0415;-0.652;-0.2453;-0.3533;-0.2436;-0.0692;NA;NA
1839;-0.463;-0.4073;-0.585;0.182;-0.194;-0.3218;-0.1267;-0.1547;NA;NA
1840;-0.2735;-0.3623;-0.0875;0.2735;-0.1478;-0.2932;-0.0185;-0.2367;NA;NA
1841;0.53;0.6907;0.6715;0.6355;-0.1348;-0.2883;0.0365;-0.2859;NA;NA
1842;-0.1415;-0.3808;0.365;-0.3785;-0.1728;-0.321;0.0358;-0.2955;NA;NA
1843;-0.173;-0.3453;0.345;-0.481;-0.2428;-0.3773;0.0126;-0.2867;NA;NA
1844;-0.445;-0.6983;-0.2175;-1.5755;-0.3184;-0.4367;-0.0243;-0.272;NA;NA
1845;0.2605;0.4257;0.603;-0.5815;-0.373;-0.4786;-0.0659;-0.2636;NA;NA
1846;0.0295;-0.3123;0.852;0.0665;-0.4319;-0.5238;-0.1502;-0.264;NA;NA
1847;-0.685;-1.0348;-0.5585;-0.092;-0.5178;-0.5908;-0.2876;-0.2644;NA;NA
1848;-1.35;-1.5078;-0.9695;-0.396;-0.6001;-0.6551;-0.4276;-0.2608;NA;NA
1849;-1.4285;-1.6008;-1.2995;0.181;-0.6483;-0.692;-0.5194;-0.2488;NA;NA
1850;-0.707;-0.3448;-0.268;0.0875;-0.6673;-0.6993;-0.5953;-0.2179;NA;NA
1851;-0.738;-0.3923;-0.8255;0.1535;-0.6798;-0.6943;-0.6963;-0.1689;NA;NA
1852;-0.4545;-0.5458;-1.099;-0.226;-0.6812;-0.6813;-0.7855;-0.1151;NA;NA
1853;-0.4545;-0.8118;-0.738;-0.1955;-0.6672;-0.6647;-0.8261;-0.0695;NA;NA
1854;-0.642;-0.6388;-1.373;-0.6485;-0.6024;-0.6176;-0.7865;-0.0247;NA;NA
1855;-0.1645;-0.0648;-0.758;0.1495;-0.4867;-0.5337;-0.6901;0.0276;NA;NA
1856;-0.78;-0.4158;-0.5315;-0.04;-0.3686;-0.4488;-0.5824;0.0755;NA;NA
1857;-0.2135;-0.4698;-0.4645;0.0685;-0.2968;-0.3986;-0.5092;0.1068;NA;NA
1858;-0.5915;-0.6878;-0.6725;-0.004;-0.2598;-0.3785;-0.4394;0.1268;NA;NA
1859;-0.7665;-0.6628;-0.453;0.038;-0.221;-0.3624;-0.3362;0.1463;NA;NA
1860;0.007;-0.1653;0.5525;0.0745;-0.1908;-0.3544;-0.2364;0.1616;NA;NA
1861;0.817;0.2132;0.079;0.8845;-0.1798;-0.3583;-0.1772;0.1693;NA;NA
1862;0.6035;-0.3443;-0.1495;1.0705;-0.2046;-0.3892;-0.1678;0.1578;NA;NA
1863;-0.323;-0.6223;-0.013;-0.1165;-0.2582;-0.4445;-0.1817;0.1292;NA;NA
1864;-0.1565;0.0717;0.213;-0.1115;-0.3157;-0.5019;-0.2013;0.0999;NA;NA
1865;-0.497;-0.5858;0.182;0.3215;-0.3517;-0.5391;-0.2092;0.0861;NA;NA
1866;-0.984;-0.7028;-0.503;-0.57;-0.3818;-0.5644;-0.2223;0.0825;NA;NA
1867;-0.768;-1.0613;-0.7275;-0.03;-0.4278;-0.5964;-0.257;0.0749;NA;NA
1868;-0.4985;-0.5843;-0.577;-0.349;-0.4743;-0.6277;-0.2951;0.066;NA;NA
1869;-0.6465;-0.6313;-0.6225;0.32;-0.5061;-0.651;-0.3187;0.0586;NA;NA
1870;-0.7415;-0.8128;-0.7585;-0.062;-0.5192;-0.6621;-0.3246;0.0605;NA;NA
1871;-0.812;-1.1868;-0.6455;-0.3495;-0.5233;-0.6654;-0.3248;0.0716;NA;NA
1872;-0.617;-0.9998;-0.072;0.351;-0.5233;-0.6667;-0.3235;0.0827;NA;NA
1873;-0.2295;-0.3928;-0.0965;-0.4935;-0.5241;-0.6715;-0.3249;0.0848;NA;NA
1874;0.1665;-0.0938;0.1655;0.4715;-0.5134;-0.671;-0.3158;0.0819;NA;NA
1875;0.0175;-0.2338;0.184;1.739;-0.486;-0.6597;-0.2914;0.0818;NA;NA
1876;-0.3225;-0.2958;0.073;0.3585;-0.4573;-0.6482;-0.268;0.0804;NA;NA
1877;-0.94;-0.8443;-0.733;-0.305;-0.4427;-0.6469;-0.2621;0.0739;NA;NA
1878;-0.7915;-1.2663;-0.6425;-0.8765;-0.4598;-0.6738;-0.2965;0.0355;NA;NA
1879;-0.8195;-0.8033;-0.6485;0.0615;-0.4934;-0.7168;-0.3535;-0.0263;NA;NA
1880;-0.181;-0.5953;-0.2275;-0.276;-0.5101;-0.741;-0.3891;-0.0624;NA;NA
1881;-0.0395;-0.2983;0.2035;0.274;-0.5199;-0.7589;-0.4124;-0.0728;NA;NA
1882;-0.834;-0.8068;-0.6895;-0.743;-0.5421;-0.7916;-0.4496;-0.0852;NA;NA
1883;-0.418;-0.7803;0.1675;0.15;-0.5579;-0.8171;-0.482;-0.0925;NA;NA
1884;-0.7215;-0.9913;-0.85;-0.0505;-0.5485;-0.8133;-0.4908;-0.0874;NA;NA
1885;-0.729;-1.2103;-1.418;0.3165;-0.4904;-0.7616;-0.4575;-0.0337;NA;NA
1886;-0.5065;-0.9978;-0.848;-0.3375;-0.3958;-0.6769;-0.3941;0.067;NA;NA
1887;-0.3205;-0.5513;-0.0305;-0.273;-0.2989;-0.5868;-0.3281;0.1656;NA;NA
1888;-0.5155;-0.6948;-0.205;-0.1435;-0.2341;-0.5191;-0.2867;0.2127;NA;NA
1889;-0.2775;-0.3838;-0.6785;0.0305;-0.1887;-0.4577;-0.2575;0.2124;NA;NA
1890;-0.1095;-0.4528;0.154;0.6585;-0.136;-0.3803;-0.2188;0.2015;NA;NA
1891;0.0495;-0.0648;0.3855;1.2375;-0.0888;-0.3051;-0.1834;0.1799;NA;NA
1892;-0.1975;-0.2808;0.195;0.147;-0.0603;-0.2504;-0.1643;0.1476;NA;NA
1893;0.3005;0.2547;-0.375;0.414;-0.0542;-0.2101;-0.1673;0.0692;NA;NA
1894;0.983;0.4777;0.0795;0.357;-0.0607;-0.17;-0.1829;-0.0575;NA;NA
1895;0.2625;-0.1493;-0.0605;-0.2265;-0.0727;-0.1358;-0.2019;-0.1839;NA;NA
1896;-0.0735;-0.0148;-0.0365;-0.474;-0.0829;-0.1132;-0.215;-0.2609;NA;NA
1897;-0.351;-0.3753;-0.1975;0.3145;-0.1079;-0.1099;-0.2377;-0.3084;NA;NA
1898;-0.8395;-0.6283;-1.1195;-1.183;-0.1561;-0.124;-0.2798;-0.3662;NA;NA
1899;-0.8715;-0.5148;-0.5965;-1.317;-0.2075;-0.1463;-0.3232;-0.4156;NA;NA
1900;-0.425;-0.3493;-0.4055;-1.0985;-0.2421;-0.168;-0.3499;-0.4379;NA;NA
1901;-0.2025;-0.1898;-0.027;-0.887;-0.2668;-0.1946;-0.3578;-0.4003;NA;NA
1902;-0.3895;-0.3628;-1.195;-0.3065;-0.2963;-0.2324;-0.3588;-0.3127;NA;NA
1903;-0.0265;-0.1398;0.016;-0.064;-0.3221;-0.2733;-0.3559;-0.2204;NA;NA
1904;0.438;0.7727;0.325;0.591;-0.3361;-0.3089;-0.3521;-0.1687;NA;NA
1905;-0.1425;0.1457;-0.3935;-0.7235;-0.3284;-0.3472;-0.3375;-0.1318;0.5832;NA
1906;-0.792;-0.9653;-0.5435;0.611;-0.3034;-0.3943;-0.309;-0.0717;-0.4663;NA
1907;-0.6855;-0.8853;-0.0015;0.8075;-0.2739;-0.4394;-0.2795;-0.0159;-0.3255;NA
1908;-0.025;-0.4873;-0.051;-0.1345;-0.2525;-0.4716;-0.2618;0.0082;0.3165;NA
1909;0.243;-0.0778;-0.198;1.2535;-0.2414;-0.5045;-0.2606;-0.0187;0.14;NA
1910;-0.276;-0.5703;-0.6385;0.0595;-0.2324;-0.5482;-0.2672;-0.0806;-0.2743;NA
1911;-0.5835;-0.7063;-0.561;-0.6575;-0.2231;-0.5872;-0.2747;-0.1519;0.8095;NA
1912;-0.942;-1.5268;-0.718;-1.693;-0.2111;-0.6058;-0.276;-0.2069;-1.0518;NA
1913;0.108;-0.3628;0.177;-0.918;-0.1789;-0.587;-0.2654;-0.2693;-0.6088;NA
1914;0.3095;-0.2648;0.485;0.2455;-0.1266;-0.5405;-0.2478;-0.3604;1.1125;NA
1915;-0.271;-0.6113;-0.4625;-0.6085;-0.0786;-0.491;-0.2323;-0.4509;-1.6228;NA
1916;-0.186;-0.9828;-0.6075;-0.0415;-0.0593;-0.4631;-0.2278;-0.5117;-0.5148;NA
1917;-0.0605;-0.3338;-0.4155;-0.6785;-0.07;-0.4469;-0.2401;-0.5359;-0.631;NA
1918;-0.1835;-0.3043;-0.5;-0.555;-0.0925;-0.4224;-0.2622;-0.5427;-0.87;NA
1919;0.034;0.0082;-0.4205;-0.6015;-0.1211;-0.4;-0.2846;-0.5425;0.3907;NA
1920;-0.1645;-0.1828;0.298;-0.04;-0.1501;-0.3898;-0.2975;-0.5457;0.1037;-0.4346
1921;1.125;0.2962;0.641;-0.47;-0.2121;-0.4154;-0.3315;-0.5614;-0.029;-0.4335
1922;-0.071;-0.1638;-0.239;-0.7835;-0.3139;-0.4707;-0.396;-0.5829;0.161;-0.4175
1923;-0.6535;-0.7068;-0.563;-0.968;-0.4113;-0.5224;-0.4494;-0.5968;-1.9113;-0.3929
1924;-0.8;-0.9793;-0.981;-0.291;-0.4601;-0.5368;-0.4501;-0.5898;0.0755;-0.3563
1925;-0.9055;-0.8078;-0.215;-0.0985;-0.4645;-0.5151;-0.3876;-0.5515;0.0567;-0.2959
1926;-1.183;-0.8068;-0.949;-0.7825;-0.459;-0.484;-0.2934;-0.4917;-1.2755;-0.2098
1927;-0.149;-0.2363;-0.398;-0.7905;-0.4442;-0.4481;-0.1882;-0.4274;-0.0908;-0.1101
1928;-0.3775;-0.5403;-0.3125;-0.272;-0.4206;-0.4124;-0.0932;-0.3754;0.1245;-0.0086
1929;-0.841;-0.9173;-0.5175;-0.8575;-0.3474;-0.3428;0.0445;-0.3151;-0.1388;0.0828
1930;-0.8675;-0.7943;-0.0215;-0.6425;-0.2201;-0.2318;0.2452;-0.2317;-0.209;0.1522
1931;-0.47;-0.4143;-0.1515;-0.55;-0.0938;-0.1241;0.4394;-0.1519;0.1735;0.2348
1932;0.273;-0.0683;0.6475;0.2195;-0.0238;-0.0646;0.5579;-0.1021;0.7032;0.3467
1933;-0.02;0.2167;1.204;0.4685;0.0194;-0.0335;0.6288;-0.0825;0.3305;0.4477
1934;1.59;1.6302;2.4775;0.647;0.0803;0.0052;0.7078;-0.0723;1.887;0.4972
1935;0.152;0.3922;0.818;0.5145;0.1268;0.0312;0.7663;-0.0668;0.084;0.4846
1936;0.8825;0.6127;1.036;0.687;0.1265;0.024;0.7759;-0.0614;0.2495;0.4431
1937;0.1595;-0.0588;1.2175;-0.4945;0.0367;-0.0553;0.6846;-0.073;0.4272;0.3985
1938;0.384;-0.5518;0.716;-0.6145;-0.1234;-0.1958;0.5074;-0.1082;1.6262;0.331
1939;-0.7525;-0.8253;-0.045;-0.4595;-0.2924;-0.3442;0.3165;-0.1462;-0.7198;0.2177
1940;-1.089;-0.7748;-0.253;-0.8135;-0.4093;-0.4466;0.1841;-0.1664;-0.2875;0.0801
1941;-0.9325;-0.7563;0.046;-0.5355;-0.5397;-0.5613;0.041;-0.1836;0.1105;-0.0604
1942;-0.2725;-0.3068;-0.64;-0.28;-0.7177;-0.7178;-0.1549;-0.2114;-0.5193;-0.1826
1943;-0.4585;-0.8253;-0.489;0.5915;-0.8349;-0.8194;-0.2899;-0.2279;0.2692;-0.2649
1944;-0.983;-0.7728;-0.3495;-0.5615;-0.8758;-0.8477;-0.3376;-0.2143;-0.4865;-0.3181
1945;-2.0605;-1.3058;-1.046;-0.549;-0.8977;-0.8528;-0.3569;-0.179;-1.0905;-0.3656
1946;-1.7055;-1.3008;-0.9925;-0.189;-0.9018;-0.8413;-0.3626;-0.1399;-1.1178;-0.4055
1947;-0.82;-1.1853;-0.026;0.748;-0.8891;-0.8198;-0.3695;-0.1151;0.0642;-0.4357
1948;-0.7255;-0.9388;-0.526;0.085;-0.8371;-0.7689;-0.3637;-0.1166;-0.4525;-0.4542
1949;-0.054;-0.2148;0.313;-0.1575;-0.741;-0.6814;-0.3303;-0.1322;0.0202;-0.459
1950;-0.171;-0.2138;0.291;0.4605;-0.6289;-0.5819;-0.283;-0.1435;0.2747;-0.4373
1951;-0.2375;0.0162;0.1635;-0.7215;-0.5286;-0.4949;-0.2354;-0.1324;-0.596;-0.3853
1952;-0.39;-0.1548;0.064;0.128;-0.4044;-0.3932;-0.171;-0.1011;-0.5733;-0.3149
1953;-0.1225;-0.5193;0.297;-0.6375;-0.234;-0.2569;-0.0805;-0.0648;0.074;-0.238
1954;-0.3605;-0.3468;-0.1425;0.0645;-0.0653;-0.1215;0.0117;-0.0248;-0.041;-0.1664
1955;-0.497;-0.4053;-0.582;0.0955;0.0535;-0.0227;0.0809;0.0177;-0.5025;-0.1119
1956;-0.385;-0.4198;-0.9295;-0.679;0.1362;0.0498;0.1412;0.0861;-0.906;-0.0578
1957;-0.206;-0.0288;-0.6285;-0.223;0.2185;0.1223;0.2107;0.184;-1.2743;0.0081
1958;0.311;0.2977;-0.1215;-0.1415;0.2849;0.1835;0.2714;0.2798;-0.2935;0.0673
1959;1.169;1.0642;1.0655;0.527;0.3201;0.222;0.305;0.3421;1.2625;0.1013
1960;0.8225;0.5962;0.984;1.054;0.3203;0.2373;0.3263;0.3906;0.8625;0.1259
1961;0.9765;0.5312;1.292;0.968;0.2986;0.2387;0.3526;0.4518;1.5685;0.1542
1962;0.388;-0.3043;0.652;1.3185;0.2651;0.2302;0.3693;0.5041;0.2207;0.1631
1963;0.57;0.5527;0.9165;0.966;0.2298;0.2152;0.3621;0.5256;0.7692;0.1304
1964;-0.382;-0.0813;0.0305;-0.172;0.1546;0.1648;0.3033;0.4922;-1.2913;0.0602
1965;-0.4105;-0.0133;-0.5275;0.048;0.027;0.0725;0.1996;0.4164;-0.8738;-0.0308
1966;0.3625;0.1952;0.5515;0.8045;-0.1048;-0.0237;0.0886;0.3322;0.448;-0.126
1967;-0.114;0.1762;0.187;-0.0745;-0.1927;-0.0855;0.0078;0.2735;0.5387;-0.2085
1968;-1.4245;-0.7408;-1.179;-0.0175;-0.2566;-0.1309;-0.0741;0.2129;-1.3765;-0.2616
1969;-0.1645;0.2552;0.5585;0.5125;-0.3339;-0.1893;-0.1888;0.122;0.3965;-0.2873
1970;-0.6145;-0.5798;-0.5685;-0.18;-0.4023;-0.2402;-0.2994;0.0334;-0.566;-0.3002
1971;-0.334;-0.8118;-0.9345;-0.2905;-0.4395;-0.2633;-0.3689;-0.0204;-0.445;-0.3022
1972;-0.195;-0.0938;-0.5215;-0.5415;-0.4174;-0.2456;-0.3813;-0.0304;-1.2108;-0.2952
1973;-0.645;0.0407;-0.711;0.649;-0.3585;-0.2057;-0.3667;-0.0222;-0.2845;-0.2812
1974;0.081;-0.2198;0.581;-0.1455;-0.3159;-0.1702;-0.3567;-0.0145;0.3622;-0.2622
1975;-1.0595;-0.9348;-1.1945;-0.8395;-0.2871;-0.1277;-0.3491;-0.002;-0.749;-0.2318
1976;0.256;0.4607;0.336;0.3775;-0.2421;-0.0619;-0.3256;0.0267;0.5592;-0.1868
1977;-0.2615;0.0252;-0.833;-0.3785;-0.1928;0.0078;-0.2938;0.0612;-0.8768;-0.1337
1978;0.482;0.6492;0.974;1.616;-0.1509;0.0619;-0.2614;0.0914;0.8035;-0.079
1979;0.339;0.2062;0.27;0.8985;-0.1226;0.1048;-0.2207;0.1285;0.8585;-0.0293
1980;-0.8545;-0.5053;-1.0365;-1.146;-0.0999;0.1514;-0.1658;0.1811;-1.4083;0.0088
1981;0.189;0.4887;-0.279;0.253;-0.0739;0.1978;-0.1072;0.2346;-0.031;0.0358
1982;0.1525;0.6607;-0.367;0.0355;-0.0354;0.2405;-0.0556;0.2746;0.7047;0.0575
1983;0.012;0.2522;0.208;0.42;0.0136;0.2685;-0.0023;0.3056;-0.351;0.0756
1984;-0.453;0.0687;-0.11;-0.1245;0.0653;0.2829;0.06;0.3377;-0.1018;0.0916
1985;-0.0215;0.4507;-0.162;0.717;0.1203;0.2978;0.1198;0.3655;0.652;0.0831
1986;-0.223;-0.1433;-0.0075;0.579;0.179;0.3271;0.1652;0.3833;-0.2705;0.0553
1987;0.667;0.7067;0.1215;0.4135;0.2466;0.3572;0.2036;0.3939;0.1232;0.0511
1988;-0.2295;-0.2898;0.314;-0.4785;0.3243;0.3772;0.2461;0.4026;-0.5113;0.0827
1989;0.9575;0.9587;1.175;1.2325;0.4066;0.4054;0.2861;0.4078;1.4247;0.1294
1990;0.912;0.4877;0.8465;1.111;0.4881;0.4598;0.3173;0.4076;0.646;0.1856
1991;0.503;0.7697;0.526;0.6565;0.5784;0.556;0.3411;0.3999;-1.111;0.2454
1992;0.6735;0.5857;-0.008;-0.581;NA;NA;NA;NA;-0.3813;NA
1993;1.054;0.7142;0.043;0.3305;NA;NA;NA;NA;1.314;NA
1994;0.7985;0.6087;0.063;0.5715;NA;NA;NA;NA;-0.3755;NA
1995;0.4415;0.4452;0.1555;0.2125;NA;NA;NA;NA;0.3152;NA
1996;0.7775;0.9157;0.395;0.1215;NA;NA;NA;NA;-0.415;NA
1997;1.148;1.6042;-0.1155;0.0205;NA;NA;NA;NA;0.8677;NA
1998;1.2385;1.4207;0.3365;0.1835;NA;NA;NA;NA;1.4825;NA
1999;1.7355;2.1097;0.7915;0.4225;NA;NA;NA;NA;2.071;NA
2000;1.284;1.5752;0.629;0.09;NA;NA;NA;NA;0.8637;NA
2001;1.5395;2.5067;0.101;0.398;NA;NA;NA;NA;1.3482;NA
2002;1.1905;1.7922;0.2655;-0.133;NA;NA;NA;NA;-1.1503;NA
2003;1.4435;1.3187;-0.175;-0.056;NA;NA;NA;NA;1.5312;NA
2004;0.9475;1.0052;-0.079;0.247;NA;NA;NA;NA;0.4485;NA
2005;1.5745;1.5067;0.1735;-0.0685;NA;NA;NA;NA;0.053;NA
